6.0000003230e+06
6.0000005135e+06
6.0000009220e+06
6.0000015203e+06
6.0000020088e+06
6.0000026500e+06
6.0000031460e+06
6.0000034500e+06
6.0000040587e+06
6.0000046573e+06
6.0000049185e+06
6.0000053715e+06
6.0000058838e+06
6.0000061133e+06
6.0000065485e+06
6.0000069575e+06
6.0000074520e+06
6.0000078068e+06
6.0000083200e+06
6.0000089818e+06
6.0000092820e+06
6.0000099148e+06
6.0000103745e+06
6.0000105843e+06
6.0000112737e+06
6.0000115630e+06
6.0000123770e+06
6.0000128745e+06
6.0000129960e+06
6.0000136973e+06
6.0000137577e+06
6.0000141035e+06
6.0000150270e+06
6.0000154013e+06
6.0000159167e+06
6.0000163192e+06
6.0000166322e+06
6.0000171150e+06
6.0000176380e+06
6.0000177723e+06
6.0000183537e+06
6.0000186518e+06
6.0000191965e+06
6.0000200175e+06
6.0000204765e+06
6.0000207668e+06
6.0000215898e+06
6.0000219635e+06
6.0000222640e+06
6.0000225350e+06
6.0000230898e+06
6.0000235982e+06
6.0000240875e+06
6.0000243383e+06
6.0000247682e+06
6.0000251910e+06
6.0000258975e+06
6.0000262823e+06
6.0000265208e+06
6.0000270177e+06
6.0000277410e+06
6.0000279455e+06
6.0000286435e+06
6.0000290690e+06
6.0000295448e+06
6.0000299332e+06
6.0000301655e+06
6.0000307833e+06
6.0000313922e+06
6.0000319090e+06
6.0000325110e+06
6.0000327787e+06
6.0000331935e+06
6.0000334138e+06
6.0000340110e+06
6.0000344708e+06
6.0000348827e+06
6.0000352593e+06
6.0000357088e+06
6.0000361918e+06
6.0000367708e+06
6.0000369133e+06
6.0000375137e+06
6.0000382002e+06
6.0000387225e+06
6.0000394227e+06
6.0000397460e+06
6.0000400072e+06
6.0000403310e+06
6.0000408675e+06
6.0000415043e+06
6.0000417112e+06
6.0000421413e+06
6.0000426505e+06
6.0000429133e+06
6.0000436238e+06
6.0000443695e+06
6.0000446205e+06
6.0000448748e+06
6.0000451850e+06
6.0000459060e+06
6.0000461902e+06
6.0000464298e+06
6.0000473885e+06
6.0000477720e+06
6.0000482910e+06
6.0000486073e+06
6.0000493872e+06
6.0000495718e+06
6.0000501560e+06
6.0000503125e+06
6.0000509868e+06
6.0000516902e+06
6.0000519282e+06
6.0000521638e+06
6.0000525498e+06
6.0000530195e+06
6.0000535328e+06
6.0000536973e+06
6.0000544902e+06
6.0000551272e+06
6.0000555033e+06
6.0000558893e+06
6.0000565405e+06
6.0000568065e+06
6.0000575673e+06
6.0000577870e+06
6.0000581820e+06
6.0000586935e+06
6.0000591395e+06
6.0000595280e+06
6.0000601332e+06
6.0000604682e+06
6.0000610805e+06
6.0000613665e+06
6.0000618913e+06
6.0000623115e+06
6.0000626045e+06
6.0000631963e+06
6.0000635462e+06
6.0000641855e+06
6.0000644295e+06
6.0000648712e+06
6.0000652313e+06
6.0000662475e+06
6.0000664975e+06
6.0000670500e+06
6.0000676003e+06
6.0000681142e+06
6.0000683178e+06
6.0000687445e+06
6.0000690995e+06
6.0000693565e+06
6.0000698890e+06
6.0000706602e+06
6.0000709875e+06
6.0000713210e+06
6.0000718760e+06
6.0000721868e+06
6.0000726970e+06
6.0000732823e+06
6.0000737313e+06
6.0000740605e+06
6.0000748425e+06
6.0000751252e+06
6.0000756877e+06
6.0000760210e+06
6.0000764715e+06
6.0000767775e+06
6.0000775223e+06
6.0000778053e+06
6.0000785885e+06
6.0000787415e+06
6.0000792797e+06
6.0000796523e+06
6.0000802138e+06
6.0000803003e+06
6.0000808977e+06
6.0000815038e+06
6.0000817548e+06
6.0000819368e+06
6.0000826267e+06
6.0000836877e+06
6.0000839543e+06
6.0000843515e+06
6.0000847380e+06
6.0000850733e+06
6.0000856630e+06
6.0000863503e+06
6.0000865433e+06
6.0000870302e+06
6.0000872670e+06
6.0000877807e+06
6.0000883882e+06
6.0000886675e+06
6.0000888870e+06
6.0000898580e+06
6.0000902840e+06
6.0000905290e+06
6.0000910572e+06
6.0000915180e+06
6.0000917965e+06
6.0000922370e+06
6.0000928650e+06
6.0000933820e+06
6.0000939928e+06
6.0000942135e+06
6.0000950278e+06
6.0000952750e+06
6.0000955470e+06
6.0000963605e+06
6.0000965888e+06
6.0000969900e+06
6.0000973328e+06
6.0000979035e+06
6.0000982852e+06
6.0000986920e+06
6.0000991288e+06
6.0000995673e+06
6.0001001243e+06
6.0001006320e+06
6.0001007670e+06
6.0001018380e+06
6.0001020630e+06
6.0001028438e+06
6.0001031340e+06
6.0001033173e+06
6.0001039765e+06
6.0001042357e+06
6.0001045872e+06
6.0001050493e+06
6.0001057582e+06
6.0001062488e+06
6.0001065903e+06
6.0001071560e+06
6.0001075938e+06
6.0001077960e+06
6.0001082805e+06
6.0001086848e+06
6.0001090503e+06
6.0001099397e+06
6.0001100963e+06
6.0001106693e+06
6.0001110380e+06
6.0001115845e+06
6.0001122030e+06
6.0001127303e+06
6.0001132347e+06
6.0001136327e+06
6.0001137985e+06
6.0001143720e+06
6.0001147965e+06
6.0001153592e+06
6.0001157072e+06
6.0001159045e+06
6.0001164080e+06
6.0001167792e+06
6.0001176267e+06
6.0001179658e+06
6.0001184565e+06
6.0001187720e+06
6.0001194300e+06
6.0001199090e+06
6.0001202865e+06
6.0001208450e+06
6.0001210430e+06
6.0001217040e+06
6.0001223173e+06
6.0001225723e+06
6.0001229902e+06
6.0001235975e+06
6.0001238432e+06
6.0001242835e+06
6.0001249785e+06
6.0001252000e+06
6.0001259337e+06
6.0001262763e+06
6.0001265640e+06
6.0001268355e+06
6.0001270963e+06
6.0001279750e+06
6.0001283380e+06
6.0001288985e+06
6.0001298065e+06
6.0001300015e+06
6.0001305630e+06
6.0001309290e+06
6.0001311183e+06
6.0001316755e+06
6.0001322512e+06
6.0001326095e+06
6.0001329260e+06
6.0001334813e+06
6.0001339010e+06
6.0001342248e+06
6.0001348445e+06
6.0001354627e+06
6.0001357575e+06
6.0001359952e+06
6.0001366152e+06
6.0001371895e+06
6.0001376110e+06
6.0001379810e+06
6.0001387078e+06
6.0001390963e+06
6.0001393788e+06
6.0001398565e+06
6.0001401937e+06
6.0001410072e+06
6.0001415810e+06
6.0001419130e+06
6.0001422517e+06
6.0001425875e+06
6.0001429973e+06
6.0001433357e+06
6.0001438523e+06
6.0001444160e+06
6.0001446727e+06
6.0001453118e+06
6.0001457167e+06
6.0001461285e+06
6.0001468635e+06
6.0001471740e+06
6.0001478147e+06
6.0001482557e+06
6.0001487725e+06
6.0001491322e+06
6.0001495195e+06
6.0001500788e+06
6.0001503205e+06
6.0001505600e+06
6.0001511722e+06
6.0001517928e+06
6.0001523968e+06
6.0001527588e+06
6.0001529212e+06
6.0001534622e+06
6.0001542052e+06
6.0001544920e+06
6.0001547305e+06
6.0001552955e+06
6.0001555237e+06
6.0001563872e+06
6.0001567555e+06
6.0001575237e+06
6.0001578443e+06
6.0001583475e+06
6.0001585848e+06
6.0001591280e+06
6.0001596360e+06
6.0001599598e+06
6.0001604143e+06
6.0001608025e+06
6.0001614073e+06
6.0001618513e+06
6.0001620180e+06
6.0001624890e+06
6.0001628900e+06
6.0001633915e+06
6.0001641235e+06
6.0001648048e+06
6.0001650817e+06
6.0001655168e+06
6.0001659170e+06
6.0001664425e+06
6.0001668710e+06
6.0001671698e+06
6.0001677470e+06
6.0001683835e+06
6.0001685125e+06
6.0001691332e+06
6.0001696233e+06
6.0001700595e+06
6.0001705558e+06
6.0001708150e+06
6.0001713565e+06
6.0001716825e+06
6.0001721715e+06
6.0001726858e+06
6.0001730130e+06
6.0001734780e+06
6.0001741173e+06
6.0001745287e+06
6.0001752320e+06
6.0001756897e+06
6.0001759325e+06
6.0001767915e+06
6.0001769658e+06
6.0001773158e+06
6.0001778432e+06
6.0001782627e+06
6.0001784795e+06
6.0001789327e+06
6.0001793343e+06
6.0001801638e+06
6.0001803542e+06
6.0001811023e+06
6.0001814322e+06
6.0001818863e+06
6.0001821715e+06
6.0001823960e+06
6.0001833970e+06
6.0001839792e+06
6.0001842785e+06
6.0001845738e+06
6.0001850480e+06
6.0001853893e+06
6.0001861605e+06
6.0001866283e+06
6.0001868098e+06
6.0001872770e+06
6.0001881890e+06
6.0001883712e+06
6.0001885405e+06
6.0001890652e+06
6.0001895565e+06
6.0001898187e+06
6.0001904708e+06
6.0001906978e+06
6.0001913435e+06
6.0001917585e+06
6.0001926712e+06
6.0001929190e+06
6.0001935082e+06
6.0001939803e+06
6.0001943132e+06
6.0001946040e+06
6.0001949625e+06
6.0001955690e+06
6.0001960480e+06
6.0001966312e+06
6.0001969547e+06
6.0001971860e+06
6.0001976810e+06
6.0001982893e+06
6.0001986730e+06
6.0001992665e+06
6.0001997035e+06
6.0002000750e+06
6.0002003900e+06
6.0002010912e+06
6.0002015000e+06
6.0002018352e+06
6.0002022210e+06
6.0002029832e+06
6.0002036010e+06
6.0002040850e+06
6.0002042572e+06
6.0002047920e+06
6.0002052277e+06
6.0002054490e+06
6.0002060898e+06
6.0002065307e+06
6.0002069282e+06
6.0002071670e+06
6.0002079227e+06
6.0002080438e+06
6.0002086983e+06
6.0002090705e+06
6.0002096918e+06
6.0002103525e+06
6.0002106628e+06
6.0002110407e+06
6.0002118385e+06
6.0002121545e+06
6.0002125012e+06
6.0002129460e+06
6.0002133075e+06
6.0002136957e+06
6.0002142235e+06
6.0002145412e+06
6.0002153853e+06
6.0002158200e+06
6.0002161408e+06
6.0002165378e+06
6.0002169483e+06
6.0002173137e+06
6.0002177575e+06
6.0002180925e+06
6.0002187760e+06
6.0002190845e+06
6.0002200335e+06
6.0002203628e+06
6.0002206003e+06
6.0002212725e+06
6.0002215872e+06
6.0002221808e+06
6.0002226748e+06
6.0002230570e+06
6.0002234938e+06
6.0002238770e+06
6.0002241343e+06
6.0002244925e+06
6.0002251950e+06
6.0002255828e+06
6.0002259280e+06
6.0002265903e+06
6.0002269648e+06
6.0002275067e+06
6.0002280020e+06
6.0002285050e+06
6.0002290735e+06
6.0002291848e+06
6.0002296808e+06
6.0002305057e+06
6.0002307538e+06
6.0002311142e+06
6.0002314303e+06
6.0002323982e+06
6.0002326655e+06
6.0002330457e+06
6.0002333500e+06
6.0002337452e+06
6.0002342960e+06
6.0002347402e+06
6.0002353273e+06
6.0002357610e+06
6.0002359500e+06
6.0002363155e+06
6.0002368885e+06
6.0002372852e+06
6.0002383620e+06
6.0002387668e+06
6.0002390475e+06
6.0002395278e+06
6.0002400802e+06
6.0002402342e+06
6.0002406552e+06
6.0002410757e+06
6.0002417387e+06
6.0002421325e+06
6.0002422495e+06
6.0002430522e+06
6.0002436272e+06
6.0002437640e+06
6.0002444052e+06
6.0002446248e+06
6.0002453238e+06
6.0002456895e+06
6.0002461690e+06
6.0002466690e+06
6.0002470627e+06
6.0002477020e+06
6.0002482067e+06
6.0002484420e+06
6.0002489410e+06
6.0002494602e+06
6.0002500007e+06
6.0002504900e+06
6.0002509175e+06
6.0002511537e+06
6.0002518290e+06
6.0002521707e+06
6.0002525323e+06
6.0002527045e+06
6.0002532533e+06
6.0002536322e+06
6.0002545283e+06
6.0002549155e+06
6.0002553383e+06
6.0002557660e+06
6.0002564855e+06
6.0002568288e+06
6.0002571875e+06
6.0002576825e+06
6.0002582160e+06
6.0002586730e+06
6.0002589905e+06
6.0002593898e+06
6.0002597747e+06
6.0002602500e+06
6.0002607493e+06
6.0002613130e+06
6.0002617873e+06
6.0002623915e+06
6.0002625870e+06
6.0002629523e+06
6.0002632292e+06
6.0002640053e+06
6.0002643053e+06
6.0002648793e+06
6.0002654140e+06
6.0002657998e+06
6.0002664413e+06
6.0002670197e+06
6.0002674005e+06
6.0002680030e+06
6.0002681000e+06
6.0002683297e+06
6.0002690472e+06
6.0002694313e+06
6.0002699710e+06
6.0002703278e+06
6.0002708060e+06
6.0002710455e+06
6.0002716508e+06
6.0002721725e+06
6.0002725950e+06
6.0002729638e+06
6.0002735898e+06
6.0002744578e+06
6.0002746468e+06
6.0002751803e+06
6.0002753063e+06
6.0002757640e+06
6.0002763523e+06
6.0002765490e+06
6.0002774488e+06
6.0002777967e+06
6.0002783492e+06
6.0002785625e+06
6.0002790650e+06
6.0002794865e+06
6.0002799735e+06
6.0002803600e+06
6.0002806700e+06
6.0002812420e+06
6.0002817222e+06
6.0002821410e+06
6.0002824478e+06
6.0002834512e+06
6.0002835412e+06
6.0002844622e+06
6.0002846475e+06
6.0002850015e+06
6.0002856015e+06
6.0002861015e+06
6.0002864020e+06
6.0002869100e+06
6.0002870877e+06
6.0002876928e+06
6.0002880525e+06
6.0002884305e+06
6.0002890340e+06
6.0002894423e+06
6.0002902030e+06
6.0002906427e+06
6.0002907970e+06
6.0002912560e+06
6.0002916965e+06
6.0002922922e+06
6.0002928020e+06
6.0002933090e+06
6.0002938475e+06
6.0002941800e+06
6.0002946715e+06
6.0002950713e+06
6.0002953625e+06
6.0002960417e+06
6.0002966070e+06
6.0002969350e+06
6.0002973822e+06
6.0002976087e+06
6.0002981050e+06
6.0002986545e+06
6.0002990510e+06
6.0002992530e+06
6.0002997732e+06
6.0003003775e+06
6.0003012180e+06
6.0003016667e+06
6.0003021830e+06
6.0003023043e+06
6.0003027613e+06
6.0003035480e+06
6.0003038678e+06
6.0003040663e+06
6.0003044070e+06
6.0003050250e+06
6.0003054570e+06
6.0003060790e+06
6.0003064962e+06
6.0003069533e+06
6.0003072490e+06
6.0003077387e+06
6.0003080512e+06
6.0003087012e+06
6.0003091822e+06
6.0003096353e+06
6.0003101000e+06
6.0003104988e+06
6.0003110057e+06
6.0003113310e+06
6.0003121170e+06
6.0003124800e+06
6.0003130867e+06
6.0003135040e+06
6.0003137740e+06
6.0003143720e+06
6.0003147025e+06
6.0003149047e+06
6.0003152610e+06
6.0003158960e+06
6.0003166580e+06
6.0003168087e+06
6.0003171940e+06
6.0003175652e+06
6.0003184688e+06
6.0003186620e+06
6.0003193587e+06
6.0003197182e+06
6.0003203655e+06
6.0003207797e+06
6.0003210055e+06
6.0003214840e+06
6.0003220840e+06
6.0003224488e+06
6.0003226850e+06
6.0003233367e+06
6.0003237630e+06
6.0003243175e+06
6.0003246738e+06
6.0003253085e+06
6.0003256387e+06
6.0003259912e+06
6.0003263788e+06
6.0003267970e+06
6.0003271905e+06
6.0003275695e+06
6.0003286060e+06
6.0003287237e+06
6.0003295373e+06
6.0003299960e+06
6.0003302778e+06
6.0003307263e+06
6.0003310215e+06
6.0003315252e+06
6.0003321992e+06
6.0003323940e+06
6.0003330532e+06
6.0003334047e+06
6.0003335642e+06
6.0003339887e+06
6.0003344650e+06
6.0003353350e+06
6.0003355810e+06
6.0003361105e+06
6.0003365505e+06
6.0003370428e+06
6.0003375050e+06
6.0003379423e+06
6.0003386375e+06
6.0003388285e+06
6.0003392512e+06
6.0003395448e+06
6.0003404960e+06
6.0003408242e+06
6.0003410512e+06
6.0003417617e+06
6.0003421332e+06
6.0003423610e+06
6.0003429605e+06
6.0003433187e+06
6.0003437847e+06
6.0003440970e+06
6.0003446978e+06
6.0003450057e+06
6.0003456275e+06
6.0003462668e+06
6.0003464227e+06
6.0003469905e+06
6.0003479627e+06
6.0003482245e+06
6.0003486775e+06
6.0003489355e+06
6.0003493187e+06
6.0003496803e+06
6.0003501882e+06
6.0003507418e+06
6.0003508870e+06
6.0003515208e+06
6.0003522177e+06
6.0003526123e+06
6.0003530273e+06
6.0003532630e+06
6.0003537980e+06
6.0003542737e+06
6.0003547227e+06
6.0003551600e+06
6.0003559138e+06
6.0003562093e+06
6.0003567313e+06
6.0003570148e+06
6.0003576465e+06
6.0003580385e+06
6.0003586820e+06
6.0003591037e+06
6.0003594078e+06
6.0003597867e+06
6.0003602305e+06
6.0003610225e+06
6.0003611960e+06
6.0003612675e+06
6.0003620822e+06
6.0003622653e+06
6.0003627047e+06
6.0003634075e+06
6.0003639870e+06
6.0003646280e+06
6.0003650448e+06
6.0003655630e+06
6.0003657725e+06
6.0003660625e+06
6.0003667682e+06
6.0003671720e+06
6.0003677620e+06
6.0003680635e+06
6.0003684037e+06
6.0003689490e+06
6.0003692715e+06
6.0003700713e+06
6.0003702402e+06
6.0003706147e+06
6.0003713767e+06
6.0003716080e+06
6.0003721672e+06
6.0003726225e+06
6.0003728075e+06
6.0003731343e+06
6.0003740580e+06
6.0003746042e+06
6.0003749905e+06
6.0003756168e+06
6.0003759418e+06
6.0003762595e+06
6.0003769428e+06
6.0003773568e+06
6.0003775170e+06
6.0003780373e+06
6.0003784028e+06
6.0003789243e+06
6.0003792692e+06
6.0003797875e+06
6.0003804377e+06
6.0003807885e+06
6.0003810967e+06
6.0003815508e+06
6.0003823003e+06
6.0003827397e+06
6.0003831195e+06
6.0003837957e+06
6.0003841260e+06
6.0003845765e+06
6.0003849950e+06
6.0003852285e+06
6.0003857440e+06
6.0003861487e+06
6.0003869840e+06
6.0003874550e+06
6.0003878460e+06
6.0003881047e+06
6.0003884915e+06
6.0003888218e+06
6.0003893247e+06
6.0003897910e+06
6.0003902765e+06
6.0003908370e+06
6.0003911105e+06
6.0003917315e+06
6.0003924385e+06
6.0003928947e+06
6.0003933400e+06
6.0003935592e+06
6.0003942677e+06
6.0003946372e+06
6.0003950623e+06
6.0003954088e+06
6.0003958730e+06
6.0003961115e+06
6.0003968805e+06
6.0003971515e+06
6.0003974178e+06
6.0003981070e+06
6.0003986607e+06
6.0003992090e+06
6.0003993628e+06
6.0003999732e+06
6.0004005475e+06
6.0004007768e+06
6.0004014405e+06
6.0004017648e+06
6.0004021455e+06
6.0004028995e+06
6.0004033463e+06
6.0004038063e+06
6.0004042998e+06
6.0004044828e+06
6.0004051157e+06
6.0004052023e+06
6.0004059660e+06
6.0004065647e+06
6.0004068637e+06
6.0004070355e+06
6.0004075430e+06
6.0004081190e+06
6.0004084645e+06
6.0004086930e+06
6.0004097325e+06
6.0004103328e+06
6.0004105438e+06
6.0004111988e+06
6.0004115072e+06
6.0004120192e+06
6.0004123225e+06
6.0004127483e+06
6.0004129873e+06
6.0004137940e+06
6.0004140935e+06
6.0004145695e+06
6.0004150493e+06
6.0004153377e+06
6.0004161382e+06
6.0004164148e+06
6.0004169475e+06
6.0004171722e+06
6.0004174737e+06
6.0004179698e+06
6.0004189945e+06
6.0004191915e+06
6.0004196460e+06
6.0004199037e+06
6.0004206685e+06
6.0004210333e+06
6.0004215515e+06
6.0004220485e+06
6.0004225720e+06
6.0004229365e+06
6.0004232898e+06
6.0004236965e+06
6.0004239643e+06
6.0004245675e+06
6.0004248590e+06
6.0004252462e+06
6.0004259280e+06
6.0004264525e+06
6.0004271107e+06
6.0004272847e+06
6.0004276590e+06
6.0004284030e+06
6.0004288927e+06
6.0004292342e+06
6.0004299957e+06
6.0004301197e+06
6.0004304607e+06
6.0004309160e+06
6.0004315658e+06
6.0004317940e+06
6.0004326485e+06
6.0004327955e+06
6.0004331312e+06
6.0004339750e+06
6.0004341602e+06
6.0004347015e+06
6.0004348455e+06
6.0004355793e+06
6.0004359065e+06
6.0004362145e+06
6.0004367643e+06
6.0004373688e+06
6.0004381515e+06
6.0004385940e+06
6.0004390215e+06
6.0004393650e+06
6.0004397297e+06
6.0004401750e+06
6.0004405620e+06
6.0004409755e+06
6.0004415503e+06
6.0004419135e+06
6.0004423688e+06
6.0004428500e+06
6.0004433415e+06
6.0004434918e+06
6.0004441465e+06
6.0004445512e+06
6.0004453015e+06
6.0004456777e+06
6.0004462172e+06
6.0004465707e+06
6.0004470095e+06
6.0004473610e+06
6.0004479015e+06
6.0004484545e+06
6.0004488542e+06
6.0004493155e+06
6.0004497140e+06
6.0004505718e+06
6.0004506547e+06
6.0004511008e+06
6.0004514260e+06
6.0004519143e+06
6.0004523697e+06
6.0004529183e+06
6.0004530598e+06
6.0004537083e+06
6.0004542370e+06
6.0004544598e+06
6.0004554713e+06
6.0004558192e+06
6.0004561520e+06
6.0004567143e+06
6.0004572250e+06
6.0004574715e+06
6.0004580768e+06
6.0004586968e+06
6.0004588895e+06
6.0004591275e+06
6.0004594540e+06
6.0004599065e+06
6.0004608255e+06
6.0004612530e+06
6.0004616770e+06
6.0004619690e+06
6.0004624753e+06
6.0004628320e+06
6.0004632873e+06
6.0004637672e+06
6.0004642305e+06
6.0004648085e+06
6.0004654940e+06
6.0004657797e+06
6.0004662430e+06
6.0004665093e+06
6.0004673438e+06
6.0004675095e+06
6.0004680783e+06
6.0004685668e+06
6.0004688767e+06
6.0004693932e+06
6.0004696550e+06
6.0004702195e+06
6.0004705103e+06
6.0004710263e+06
6.0004714123e+06
6.0004718863e+06
6.0004726155e+06
6.0004728968e+06
6.0004736877e+06
6.0004742195e+06
6.0004745632e+06
6.0004749633e+06
6.0004750998e+06
6.0004757470e+06
6.0004761023e+06
6.0004767033e+06
6.0004770757e+06
6.0004776330e+06
6.0004781578e+06
6.0004783707e+06
6.0004790632e+06
6.0004793137e+06
6.0004795117e+06
6.0004803440e+06
6.0004808822e+06
6.0004810790e+06
6.0004814483e+06
6.0004820110e+06
6.0004825623e+06
6.0004830778e+06
6.0004834000e+06
6.0004841260e+06
6.0004848587e+06
6.0004851753e+06
6.0004853110e+06
6.0004857478e+06
6.0004861193e+06
6.0004866980e+06
6.0004871442e+06
6.0004875935e+06
6.0004878135e+06
6.0004884375e+06
6.0004887565e+06
6.0004893118e+06
6.0004900615e+06
6.0004902668e+06
6.0004908262e+06
6.0004910665e+06
6.0004917383e+06
6.0004924385e+06
6.0004927318e+06
6.0004930705e+06
6.0004936633e+06
6.0004939442e+06
6.0004943680e+06
6.0004950067e+06
6.0004952465e+06
6.0004959805e+06
6.0004962268e+06
6.0004968525e+06
6.0004973030e+06
6.0004976570e+06
6.0004980390e+06
6.0004982885e+06
6.0004986562e+06
6.0004991595e+06
6.0004998745e+06
6.0005004178e+06
6.0005012130e+06
6.0005013678e+06
6.0005017332e+06
6.0005023438e+06
6.0005028472e+06
6.0005032740e+06
6.0005034803e+06
6.0005041020e+06
6.0005045338e+06
6.0005048735e+06
6.0005053325e+06
6.0005056395e+06
6.0005063010e+06
6.0005065580e+06
6.0005073738e+06
6.0005075893e+06
6.0005081252e+06
6.0005085010e+06
6.0005090558e+06
6.0005094492e+06
6.0005100713e+06
6.0005104360e+06
6.0005109238e+06
6.0005111970e+06
6.0005117440e+06
6.0005125582e+06
6.0005129600e+06
6.0005132332e+06
6.0005135153e+06
6.0005142945e+06
6.0005145383e+06
6.0005147287e+06
6.0005151670e+06
6.0005158827e+06
6.0005164408e+06
6.0005167465e+06
6.0005169955e+06
6.0005174310e+06
6.0005180362e+06
6.0005187028e+06
6.0005194435e+06
6.0005198220e+06
6.0005199737e+06
6.0005207350e+06
6.0005209402e+06
6.0005213602e+06
6.0005217795e+06
6.0005221418e+06
6.0005225912e+06
6.0005232035e+06
6.0005238273e+06
6.0005240192e+06
6.0005246277e+06
6.0005250352e+06
6.0005253995e+06
6.0005258280e+06
6.0005261492e+06
6.0005268510e+06
6.0005272643e+06
6.0005276230e+06
6.0005281363e+06
6.0005287685e+06
6.0005295285e+06
6.0005296660e+06
6.0005299875e+06
6.0005305912e+06
6.0005309033e+06
6.0005315880e+06
6.0005321640e+06
6.0005323503e+06
6.0005325375e+06
6.0005332527e+06
6.0005333977e+06
6.0005338738e+06
6.0005345385e+06
6.0005348518e+06
6.0005354348e+06
6.0005361738e+06
6.0005365383e+06
6.0005370015e+06
6.0005373697e+06
6.0005376815e+06
6.0005383333e+06
6.0005388118e+06
6.0005393503e+06
6.0005396262e+06
6.0005399547e+06
6.0005407170e+06
6.0005408695e+06
6.0005413335e+06
6.0005420182e+06
6.0005425658e+06
6.0005427452e+06
6.0005430845e+06
6.0005437655e+06
6.0005440312e+06
6.0005443830e+06
6.0005450438e+06
6.0005454400e+06
6.0005457800e+06
6.0005466533e+06
6.0005472085e+06
6.0005475415e+06
6.0005479805e+06
6.0005485345e+06
6.0005487615e+06
6.0005493540e+06
6.0005496205e+06
6.0005498245e+06
6.0005505088e+06
6.0005510057e+06
6.0005513958e+06
6.0005518825e+06
6.0005524465e+06
6.0005527365e+06
6.0005532750e+06
6.0005536840e+06
6.0005539495e+06
6.0005548412e+06
6.0005553705e+06
6.0005556463e+06
6.0005561720e+06
6.0005565093e+06
6.0005568385e+06
6.0005572475e+06
6.0005579523e+06
6.0005586670e+06
6.0005589310e+06
6.0005593168e+06
6.0005596620e+06
6.0005600922e+06
6.0005605585e+06
6.0005610565e+06
6.0005614080e+06
6.0005617800e+06
6.0005620908e+06
6.0005628305e+06
6.0005632720e+06
6.0005638613e+06
6.0005643690e+06
6.0005648770e+06
6.0005653945e+06
6.0005657475e+06
6.0005661492e+06
6.0005666570e+06
6.0005669653e+06
6.0005674852e+06
6.0005678738e+06
6.0005684035e+06
6.0005687850e+06
6.0005690765e+06
6.0005695300e+06
6.0005702275e+06
6.0005707838e+06
6.0005711963e+06
6.0005715117e+06
6.0005720135e+06
6.0005722112e+06
6.0005727570e+06
6.0005733262e+06
6.0005739068e+06
6.0005745650e+06
6.0005748345e+06
6.0005751882e+06
6.0005759572e+06
6.0005763523e+06
6.0005765002e+06
6.0005769413e+06
6.0005775855e+06
6.0005778450e+06
6.0005785410e+06
6.0005788920e+06
6.0005791827e+06
6.0005795053e+06
6.0005798098e+06
6.0005807240e+06
6.0005811565e+06
6.0005814303e+06
6.0005823380e+06
6.0005825687e+06
6.0005832593e+06
6.0005834465e+06
6.0005840742e+06
6.0005842933e+06
6.0005846983e+06
6.0005853455e+06
6.0005856082e+06
6.0005859342e+06
6.0005868273e+06
6.0005872450e+06
6.0005876575e+06
6.0005879435e+06
6.0005883240e+06
6.0005886105e+06
6.0005894000e+06
6.0005897917e+06
6.0005899008e+06
6.0005908260e+06
6.0005912625e+06
6.0005914730e+06
6.0005921458e+06
6.0005926612e+06
6.0005932083e+06
6.0005935565e+06
6.0005941645e+06
6.0005946280e+06
6.0005949160e+06
6.0005951630e+06
6.0005956235e+06
6.0005961068e+06
6.0005965312e+06
6.0005968082e+06
6.0005976035e+06
6.0005981380e+06
6.0005983570e+06
6.0005988435e+06
6.0005992820e+06
6.0005999170e+06
6.0006004653e+06
6.0006008788e+06
6.0006012205e+06
6.0006015605e+06
6.0006023628e+06
6.0006026625e+06
6.0006030680e+06
6.0006034455e+06
6.0006040170e+06
6.0006044207e+06
6.0006049437e+06
6.0006053800e+06
6.0006058922e+06
6.0006061317e+06
6.0006065675e+06
6.0006072708e+06
6.0006073765e+06
6.0006078920e+06
6.0006081858e+06
6.0006086530e+06
6.0006097830e+06
6.0006100915e+06
6.0006107385e+06
6.0006109358e+06
6.0006113965e+06
6.0006115510e+06
6.0006121055e+06
6.0006127488e+06
6.0006132153e+06
6.0006135045e+06
6.0006139348e+06
6.0006142530e+06
6.0006149102e+06
6.0006152685e+06
6.0006158375e+06
6.0006161058e+06
6.0006168238e+06
6.0006171120e+06
6.0006176995e+06
6.0006179528e+06
6.0006186678e+06
6.0006190965e+06
6.0006194413e+06
6.0006198045e+06
6.0006205615e+06
6.0006209180e+06
6.0006215560e+06
6.0006216515e+06
6.0006224850e+06
6.0006227672e+06
6.0006231307e+06
6.0006235428e+06
6.0006238927e+06
6.0006242208e+06
6.0006249442e+06
6.0006251225e+06
6.0006258285e+06
6.0006262428e+06
6.0006266675e+06
6.0006273362e+06
6.0006277360e+06
6.0006281937e+06
6.0006287217e+06
6.0006293905e+06
6.0006298055e+06
6.0006299835e+06
6.0006302878e+06
6.0006307395e+06
6.0006312100e+06
6.0006318788e+06
6.0006320310e+06
6.0006329630e+06
6.0006331042e+06
6.0006337855e+06
6.0006339287e+06
6.0006345995e+06
6.0006348798e+06
6.0006350535e+06
6.0006357365e+06
6.0006364672e+06
6.0006367982e+06
6.0006374217e+06
6.0006376550e+06
6.0006383043e+06
6.0006389742e+06
6.0006392253e+06
6.0006395695e+06
6.0006400500e+06
6.0006405430e+06
6.0006408005e+06
6.0006414253e+06
6.0006418405e+06
6.0006421290e+06
6.0006427598e+06
6.0006429818e+06
6.0006432883e+06
6.0006439290e+06
6.0006447632e+06
6.0006452715e+06
6.0006454818e+06
6.0006458853e+06
6.0006466767e+06
6.0006469832e+06
6.0006472315e+06
6.0006476283e+06
6.0006481580e+06
6.0006487890e+06
6.0006492765e+06
6.0006498140e+06
6.0006500637e+06
6.0006503218e+06
6.0006508455e+06
6.0006515187e+06
6.0006518310e+06
6.0006522910e+06
6.0006527220e+06
6.0006531202e+06
6.0006534887e+06
6.0006539040e+06
6.0006545240e+06
6.0006552392e+06
6.0006556465e+06
6.0006562555e+06
6.0006565340e+06
6.0006571645e+06
6.0006573642e+06
6.0006578843e+06
6.0006583297e+06
6.0006586272e+06
6.0006590632e+06
6.0006594385e+06
6.0006600700e+06
6.0006603220e+06
6.0006610987e+06
6.0006614670e+06
6.0006618633e+06
6.0006623600e+06
6.0006627433e+06
6.0006631063e+06
6.0006636725e+06
6.0006644857e+06
6.0006647155e+06
6.0006651908e+06
6.0006655805e+06
6.0006661700e+06
6.0006662685e+06
6.0006668770e+06
6.0006676573e+06
6.0006678785e+06
6.0006684593e+06
6.0006689645e+06
6.0006691270e+06
6.0006695048e+06
6.0006699990e+06
6.0006701813e+06
6.0006709803e+06
6.0006714270e+06
6.0006716760e+06
6.0006724285e+06
6.0006730572e+06
6.0006735338e+06
6.0006739348e+06
6.0006743175e+06
6.0006747878e+06
6.0006751730e+06
6.0006756097e+06
6.0006762140e+06
6.0006764708e+06
6.0006768728e+06
6.0006773480e+06
6.0006777052e+06
6.0006784423e+06
6.0006788765e+06
6.0006792105e+06
6.0006794983e+06
6.0006800445e+06
6.0006807505e+06
6.0006811000e+06
6.0006815120e+06
6.0006817900e+06
6.0006823410e+06
6.0006828537e+06
6.0006834780e+06
6.0006842245e+06
6.0006843238e+06
6.0006849847e+06
6.0006852135e+06
6.0006855992e+06
6.0006861870e+06
6.0006863350e+06
6.0006870040e+06
6.0006874565e+06
6.0006878470e+06
6.0006882007e+06
6.0006887240e+06
6.0006891537e+06
6.0006895673e+06
6.0006901107e+06
6.0006906398e+06
6.0006915977e+06
6.0006917697e+06
6.0006920630e+06
6.0006924270e+06
6.0006929815e+06
6.0006934025e+06
6.0006940090e+06
6.0006942380e+06
6.0006945168e+06
6.0006952627e+06
6.0006959212e+06
6.0006961107e+06
6.0006965800e+06
6.0006971463e+06
6.0006974693e+06
6.0006978273e+06
6.0006980812e+06
6.0006988472e+06
6.0006990738e+06
6.0006997012e+06
6.0007003875e+06
6.0007009818e+06
6.0007012292e+06
6.0007015400e+06
6.0007021680e+06
6.0007028202e+06
6.0007030205e+06
6.0007036695e+06
6.0007037172e+06
6.0007045075e+06
6.0007047775e+06
6.0007051340e+06
6.0007053345e+06
6.0007059598e+06
6.0007065218e+06
6.0007072423e+06
6.0007077412e+06
6.0007078260e+06
6.0007083395e+06
6.0007090537e+06
6.0007092280e+06
6.0007099803e+06
6.0007103662e+06
6.0007108367e+06
6.0007111793e+06
6.0007117135e+06
6.0007119805e+06
6.0007126772e+06
6.0007133113e+06
6.0007135380e+06
6.0007137780e+06
6.0007142790e+06
6.0007148785e+06
6.0007153190e+06
6.0007156753e+06
6.0007161963e+06
6.0007163683e+06
6.0007168242e+06
6.0007174423e+06
6.0007181130e+06
6.0007185355e+06
6.0007191585e+06
6.0007198132e+06
6.0007201130e+06
6.0007203165e+06
6.0007207965e+06
6.0007214120e+06
6.0007215043e+06
6.0007217328e+06
6.0007228125e+06
6.0007231445e+06
6.0007234405e+06
6.0007238685e+06
6.0007243205e+06
6.0007248872e+06
6.0007252007e+06
6.0007258385e+06
6.0007260480e+06
6.0007268438e+06
6.0007271210e+06
6.0007276745e+06
6.0007281588e+06
6.0007284780e+06
6.0007289250e+06
6.0007295678e+06
6.0007300115e+06
6.0007306142e+06
6.0007309397e+06
6.0007312975e+06
6.0007317543e+06
6.0007321307e+06
6.0007325893e+06
6.0007330292e+06
6.0007333940e+06
6.0007337447e+06
6.0007343180e+06
6.0007347078e+06
6.0007353840e+06
6.0007359408e+06
6.0007366005e+06
6.0007367438e+06
6.0007371643e+06
6.0007378547e+06
6.0007381035e+06
6.0007388075e+06
6.0007390650e+06
6.0007395400e+06
6.0007399452e+06
6.0007401393e+06
6.0007407650e+06
6.0007413127e+06
6.0007417105e+06
6.0007424682e+06
6.0007426743e+06
6.0007432645e+06
6.0007434195e+06
6.0007436963e+06
6.0007444222e+06
6.0007447962e+06
6.0007453743e+06
6.0007458685e+06
6.0007465100e+06
6.0007470425e+06
6.0007475598e+06
6.0007476748e+06
6.0007480910e+06
6.0007486868e+06
6.0007491738e+06
6.0007496997e+06
6.0007499385e+06
6.0007502977e+06
6.0007505652e+06
6.0007513913e+06
6.0007518260e+06
6.0007519605e+06
6.0007526220e+06
6.0007531290e+06
6.0007534998e+06
6.0007542078e+06
6.0007547680e+06
6.0007552400e+06
6.0007555132e+06
6.0007558730e+06
6.0007563977e+06
6.0007566928e+06
6.0007571628e+06
6.0007579620e+06
6.0007582313e+06
6.0007586743e+06
6.0007593273e+06
6.0007596102e+06
6.0007600088e+06
6.0007602447e+06
6.0007607912e+06
6.0007611487e+06
6.0007619070e+06
6.0007622230e+06
6.0007627080e+06
6.0007630122e+06
6.0007635045e+06
6.0007642770e+06
6.0007650213e+06
6.0007651825e+06
6.0007655728e+06
6.0007660210e+06
6.0007665917e+06
6.0007668390e+06
6.0007673245e+06
6.0007678295e+06
6.0007678613e+06
6.0007686482e+06
6.0007690843e+06
6.0007694212e+06
6.0007701940e+06
6.0007704975e+06
6.0007708840e+06
6.0007714225e+06
6.0007718383e+06
6.0007723355e+06
6.0007726162e+06
6.0007734820e+06
6.0007738278e+06
6.0007740740e+06
6.0007747010e+06
6.0007752625e+06
6.0007756332e+06
6.0007759500e+06
6.0007763882e+06
6.0007769965e+06
6.0007774090e+06
6.0007779825e+06
6.0007782972e+06
6.0007785103e+06
6.0007791085e+06
6.0007794047e+06
6.0007798207e+06
6.0007801150e+06
6.0007812950e+06
6.0007815830e+06
6.0007820955e+06
6.0007825543e+06
6.0007828810e+06
6.0007834488e+06
6.0007837847e+06
6.0007842672e+06
6.0007845508e+06
6.0007852405e+06
6.0007855412e+06
6.0007858845e+06
6.0007864120e+06
6.0007870802e+06
6.0007873920e+06
6.0007876102e+06
6.0007884495e+06
6.0007886463e+06
6.0007892763e+06
6.0007894703e+06
6.0007900197e+06
6.0007905278e+06
6.0007912133e+06
6.0007915845e+06
6.0007918560e+06
6.0007923600e+06
6.0007930675e+06
6.0007935895e+06
6.0007941205e+06
6.0007944457e+06
6.0007946130e+06
6.0007949150e+06
6.0007955503e+06
6.0007958803e+06
6.0007965600e+06
6.0007968247e+06
6.0007972603e+06
6.0007978027e+06
6.0007984112e+06
6.0007986215e+06
6.0007992220e+06
6.0007997818e+06
6.0008002945e+06
6.0008008688e+06
6.0008012650e+06
6.0008017138e+06
6.0008020143e+06
6.0008022768e+06
6.0008027690e+06
6.0008034117e+06
6.0008037750e+06
6.0008044015e+06
6.0008048523e+06
6.0008053255e+06
6.0008056262e+06
6.0008058090e+06
6.0008066413e+06
6.0008070258e+06
6.0008072443e+06
6.0008076667e+06
6.0008080880e+06
6.0008089785e+06
6.0008095115e+06
6.0008098565e+06
6.0008103940e+06
6.0008108495e+06
6.0008112433e+06
6.0008116890e+06
6.0008119110e+06
6.0008124885e+06
6.0008132143e+06
6.0008133352e+06
6.0008138273e+06
6.0008141670e+06
6.0008144627e+06
6.0008151180e+06
6.0008155388e+06
6.0008162433e+06
6.0008166330e+06
6.0008169782e+06
6.0008176913e+06
6.0008181535e+06
6.0008183858e+06
6.0008186000e+06
6.0008195290e+06
6.0008197838e+06
6.0008203558e+06
6.0008208700e+06
6.0008212217e+06
6.0008215273e+06
6.0008222295e+06
6.0008225895e+06
6.0008229688e+06
6.0008234365e+06
6.0008237920e+06
6.0008243285e+06
6.0008246480e+06
6.0008250252e+06
6.0008257363e+06
6.0008259428e+06
6.0008265165e+06
6.0008271473e+06
6.0008279030e+06
6.0008281602e+06
6.0008285958e+06
6.0008291415e+06
6.0008294727e+06
6.0008298602e+06
6.0008302090e+06
6.0008307995e+06
6.0008310148e+06
6.0008315530e+06
6.0008318288e+06
6.0008328525e+06
6.0008331578e+06
6.0008335315e+06
6.0008337988e+06
6.0008341908e+06
6.0008345675e+06
6.0008353178e+06
6.0008358335e+06
6.0008364123e+06
6.0008366928e+06
6.0008370773e+06
6.0008375835e+06
6.0008381755e+06
6.0008385510e+06
6.0008390182e+06
6.0008397245e+06
6.0008398775e+06
6.0008404405e+06
6.0008407658e+06
6.0008413145e+06
6.0008414662e+06
6.0008419310e+06
6.0008424217e+06
6.0008429215e+06
6.0008434133e+06
6.0008439145e+06
6.0008442945e+06
6.0008452407e+06
6.0008454677e+06
6.0008458905e+06
6.0008464265e+06
6.0008467045e+06
6.0008471910e+06
6.0008477002e+06
6.0008480300e+06
6.0008485862e+06
6.0008490678e+06
6.0008493890e+06
6.0008499277e+06
6.0008503600e+06
6.0008505670e+06
6.0008514468e+06
6.0008518530e+06
6.0008520325e+06
6.0008527133e+06
6.0008528540e+06
6.0008533795e+06
6.0008539028e+06
6.0008543362e+06
6.0008550070e+06
6.0008558270e+06
6.0008560100e+06
6.0008564055e+06
6.0008568913e+06
6.0008572440e+06
6.0008577130e+06
6.0008580872e+06
6.0008584920e+06
6.0008590103e+06
6.0008594018e+06
6.0008600685e+06
6.0008602900e+06
6.0008604540e+06
6.0008612005e+06
6.0008618398e+06
6.0008622562e+06
6.0008626463e+06
6.0008632670e+06
6.0008635912e+06
6.0008642043e+06
6.0008647000e+06
6.0008651535e+06
6.0008654225e+06
6.0008656387e+06
6.0008661300e+06
6.0008670550e+06
6.0008673717e+06
6.0008677690e+06
6.0008683050e+06
6.0008685747e+06
6.0008690055e+06
6.0008696283e+06
6.0008697993e+06
6.0008699868e+06
6.0008708743e+06
6.0008711395e+06
6.0008719382e+06
6.0008721705e+06
6.0008730075e+06
6.0008733022e+06
6.0008736547e+06
6.0008740580e+06
6.0008749748e+06
6.0008752440e+06
6.0008755053e+06
6.0008757715e+06
6.0008763463e+06
6.0008766535e+06
6.0008771230e+06
6.0008776490e+06
6.0008783540e+06
6.0008784620e+06
6.0008790185e+06
6.0008797585e+06
6.0008800170e+06
6.0008804265e+06
6.0008806720e+06
6.0008815258e+06
6.0008819330e+06
6.0008823160e+06
6.0008827418e+06
6.0008832648e+06
6.0008838137e+06
6.0008843070e+06
6.0008846515e+06
6.0008851767e+06
6.0008855635e+06
6.0008858240e+06
6.0008864068e+06
6.0008868230e+06
6.0008873637e+06
6.0008877768e+06
6.0008880323e+06
6.0008884875e+06
6.0008889535e+06
6.0008892977e+06
6.0008900805e+06
6.0008908935e+06
6.0008912570e+06
6.0008917188e+06
6.0008919348e+06
6.0008923630e+06
6.0008926545e+06
6.0008933285e+06
6.0008937055e+06
6.0008941238e+06
6.0008946068e+06
6.0008951705e+06
6.0008954353e+06
6.0008960665e+06
6.0008963623e+06
6.0008969488e+06
6.0008973853e+06
6.0008975105e+06
6.0008982685e+06
6.0008987015e+06
6.0008992747e+06
6.0008994203e+06
6.0009002078e+06
6.0009005652e+06
6.0009011025e+06
6.0009016845e+06
6.0009021178e+06
6.0009024015e+06
6.0009029753e+06
6.0009033472e+06
6.0009039322e+06
6.0009042065e+06
6.0009045718e+06
6.0009049602e+06
6.0009051430e+06
6.0009059020e+06
6.0009064935e+06
6.0009069698e+06
6.0009074523e+06
6.0009078600e+06
6.0009081678e+06
6.0009088752e+06
6.0009094790e+06
6.0009098090e+06
6.0009101228e+06
6.0009106460e+06
6.0009112520e+06
6.0009115898e+06
6.0009117975e+06
6.0009122995e+06
6.0009127222e+06
6.0009136390e+06
6.0009140160e+06
6.0009141315e+06
6.0009147075e+06
6.0009150948e+06
6.0009154188e+06
6.0009159395e+06
6.0009163492e+06
6.0009167352e+06
6.0009175148e+06
6.0009178940e+06
6.0009185135e+06
6.0009190867e+06
6.0009193932e+06
6.0009199957e+06
6.0009203633e+06
6.0009205103e+06
6.0009209753e+06
6.0009216530e+06
6.0009219703e+06
6.0009223977e+06
6.0009229220e+06
6.0009232050e+06
6.0009236617e+06
6.0009243550e+06
6.0009246307e+06
6.0009249540e+06
6.0009257725e+06
6.0009261330e+06
6.0009267480e+06
6.0009271725e+06
6.0009275572e+06
6.0009277522e+06
6.0009283365e+06
6.0009289377e+06
6.0009292525e+06
6.0009299515e+06
6.0009305613e+06
6.0009307180e+06
6.0009311680e+06
6.0009314675e+06
6.0009320210e+06
6.0009322727e+06
6.0009329860e+06
6.0009334260e+06
6.0009338137e+06
6.0009340537e+06
6.0009343867e+06
6.0009353118e+06
6.0009358422e+06
6.0009362930e+06
6.0009366703e+06
6.0009372835e+06
6.0009377418e+06
6.0009380843e+06
6.0009385685e+06
6.0009387512e+06
6.0009394395e+06
6.0009396787e+06
6.0009400715e+06
6.0009406348e+06
6.0009410985e+06
6.0009417213e+06
6.0009421717e+06
6.0009424160e+06
6.0009431403e+06
6.0009434235e+06
6.0009436447e+06
6.0009442000e+06
6.0009446400e+06
6.0009454835e+06
6.0009460500e+06
6.0009462850e+06
6.0009465640e+06
6.0009471105e+06
6.0009476777e+06
6.0009481118e+06
6.0009485545e+06
6.0009490512e+06
6.0009495540e+06
6.0009497200e+06
6.0009502313e+06
6.0009505875e+06
6.0009512010e+06
6.0009512890e+06
6.0009519468e+06
6.0009523330e+06
6.0009532457e+06
6.0009537713e+06
6.0009538832e+06
6.0009544737e+06
6.0009550615e+06
6.0009554748e+06
6.0009557020e+06
6.0009563535e+06
6.0009567483e+06
6.0009569212e+06
6.0009575795e+06
6.0009581095e+06
6.0009586885e+06
6.0009590297e+06
6.0009592085e+06
6.0009600080e+06
6.0009601988e+06
6.0009606188e+06
6.0009612135e+06
6.0009617198e+06
6.0009620568e+06
6.0009625093e+06
6.0009630027e+06
6.0009634345e+06
6.0009640297e+06
6.0009648158e+06
6.0009652580e+06
6.0009653633e+06
6.0009660182e+06
6.0009663092e+06
6.0009666845e+06
6.0009670783e+06
6.0009675150e+06
6.0009680002e+06
6.0009684465e+06
6.0009689622e+06
6.0009693807e+06
6.0009700010e+06
6.0009701848e+06
6.0009706225e+06
6.0009713558e+06
6.0009718120e+06
6.0009723940e+06
6.0009726570e+06
6.0009733767e+06
6.0009736580e+06
6.0009738235e+06
6.0009744200e+06
6.0009750865e+06
6.0009754567e+06
6.0009758945e+06
6.0009762085e+06
6.0009768262e+06
6.0009775115e+06
6.0009776813e+06
6.0009781238e+06
6.0009784135e+06
6.0009786777e+06
6.0009793602e+06
6.0009797692e+06
6.0009803053e+06
6.0009808187e+06
6.0009815738e+06
6.0009821032e+06
6.0009823505e+06
6.0009829308e+06
6.0009831053e+06
6.0009834020e+06
6.0009844607e+06
6.0009845645e+06
6.0009849777e+06
6.0009853352e+06
6.0009858762e+06
6.0009860828e+06
6.0009865738e+06
6.0009872045e+06
6.0009879437e+06
6.0009881065e+06
6.0009886978e+06
6.0009890587e+06
6.0009892242e+06
6.0009901450e+06
6.0009905455e+06
6.0009908218e+06
6.0009913020e+06
6.0009920833e+06
6.0009922020e+06
6.0009928633e+06
6.0009935425e+06
6.0009936255e+06
6.0009940885e+06
6.0009945627e+06
6.0009950498e+06
6.0009954808e+06
6.0009958795e+06
6.0009960627e+06
6.0009968755e+06
6.0009970610e+06
6.0009977660e+06
6.0009980048e+06
6.0009984495e+06
6.0009992835e+06
6.0009997445e+06
6.0010004148e+06
6.0010005412e+06
6.0010012130e+06
6.0010014078e+06
6.0010019520e+06
6.0010022158e+06
6.0010024280e+06
6.0010031842e+06
6.0010038558e+06
6.0010041570e+06
6.0010047415e+06
6.0010049892e+06
6.0010055347e+06
6.0010058140e+06
6.0010061968e+06
6.0010069748e+06
6.0010071477e+06
6.0010076623e+06
6.0010083440e+06
6.0010087253e+06
6.0010092005e+06
6.0010096607e+06
6.0010101983e+06
6.0010107120e+06
6.0010110710e+06
6.0010116320e+06
6.0010120692e+06
6.0010124287e+06
6.0010126013e+06
6.0010131165e+06
6.0010138843e+06
6.0010141120e+06
6.0010143315e+06
6.0010146937e+06
6.0010156355e+06
6.0010158770e+06
6.0010166087e+06
6.0010171147e+06
6.0010174232e+06
6.0010178330e+06
6.0010183150e+06
6.0010186990e+06
6.0010193628e+06
6.0010198077e+06
6.0010202380e+06
6.0010204002e+06
6.0010209993e+06
6.0010215190e+06
6.0010220137e+06
6.0010224322e+06
6.0010227145e+06
6.0010233063e+06
6.0010238930e+06
6.0010242940e+06
6.0010244832e+06
6.0010248783e+06
6.0010252938e+06
6.0010257603e+06
6.0010266942e+06
6.0010272972e+06
6.0010274950e+06
6.0010281032e+06
6.0010283218e+06
6.0010291343e+06
6.0010291942e+06
6.0010297242e+06
6.0010300987e+06
6.0010305857e+06
6.0010308845e+06
6.0010315660e+06
6.0010319110e+06
6.0010321725e+06
6.0010330347e+06
6.0010332855e+06
6.0010337780e+06
6.0010340082e+06
6.0010346858e+06
6.0010352445e+06
6.0010359207e+06
6.0010360517e+06
6.0010366310e+06
6.0010369525e+06
6.0010375453e+06
6.0010377517e+06
6.0010383355e+06
6.0010389947e+06
6.0010395678e+06
6.0010399390e+06
6.0010402277e+06
6.0010405292e+06
6.0010409308e+06
6.0010414670e+06
6.0010418048e+06
6.0010423125e+06
6.0010429457e+06
6.0010430967e+06
6.0010439473e+06
6.0010442370e+06
6.0010447395e+06
6.0010454595e+06
6.0010458390e+06
6.0010464133e+06
6.0010467065e+06
6.0010469382e+06
6.0010475143e+06
6.0010479875e+06
6.0010484035e+06
6.0010488665e+06
6.0010490462e+06
6.0010496200e+06
6.0010503530e+06
6.0010507375e+06
6.0010512645e+06
6.0010513777e+06
6.0010520930e+06
6.0010524152e+06
6.0010527842e+06
6.0010534492e+06
6.0010538480e+06
6.0010542857e+06
6.0010547620e+06
6.0010556013e+06
6.0010559708e+06
6.0010562695e+06
6.0010566547e+06
6.0010569672e+06
6.0010575663e+06
6.0010579600e+06
6.0010585877e+06
6.0010588723e+06
6.0010594525e+06
6.0010596413e+06
6.0010598688e+06
6.0010605333e+06
6.0010609713e+06
6.0010617950e+06
6.0010619215e+06
6.0010629100e+06
6.0010631628e+06
6.0010636178e+06
6.0010639630e+06
6.0010644722e+06
6.0010646877e+06
6.0010652812e+06
6.0010657840e+06
6.0010662387e+06
6.0010666913e+06
6.0010670820e+06
6.0010675117e+06
6.0010681968e+06
6.0010686058e+06
6.0010687208e+06
6.0010693610e+06
6.0010697047e+06
6.0010701140e+06
6.0010706068e+06
6.0010713525e+06
6.0010715132e+06
6.0010722080e+06
6.0010726715e+06
6.0010730512e+06
6.0010736782e+06
6.0010743060e+06
6.0010745355e+06
6.0010748463e+06
6.0010756097e+06
6.0010758180e+06
6.0010760453e+06
6.0010764162e+06
6.0010769715e+06
6.0010774432e+06
6.0010781863e+06
6.0010785360e+06
6.0010787687e+06
6.0010795015e+06
6.0010799308e+06
6.0010802500e+06
6.0010806537e+06
6.0010814442e+06
6.0010819653e+06
6.0010823855e+06
6.0010825725e+06
6.0010829340e+06
6.0010836113e+06
6.0010839015e+06
6.0010845692e+06
6.0010850365e+06
6.0010854782e+06
6.0010859107e+06
6.0010861035e+06
6.0010867593e+06
6.0010871725e+06
6.0010874965e+06
6.0010879235e+06
6.0010883675e+06
6.0010888285e+06
6.0010891705e+06
6.0010902410e+06
6.0010908262e+06
6.0010909590e+06
6.0010913035e+06
6.0010920027e+06
6.0010920990e+06
6.0010928432e+06
6.0010930558e+06
6.0010934883e+06
6.0010940773e+06
6.0010943810e+06
6.0010949912e+06
6.0010954660e+06
6.0010956937e+06
6.0010960773e+06
6.0010966322e+06
6.0010973725e+06
6.0010977950e+06
6.0010982025e+06
6.0010984340e+06
6.0010990015e+06
6.0010994515e+06
6.0011001950e+06
6.0011002995e+06
6.0011008820e+06
6.0011015482e+06
6.0011020917e+06
6.0011023095e+06
6.0011026882e+06
6.0011031870e+06
6.0011037125e+06
6.0011040797e+06
6.0011042718e+06
6.0011048585e+06
6.0011054145e+06
6.0011057775e+06
6.0011061477e+06
6.0011066250e+06
6.0011071935e+06
6.0011080258e+06
6.0011082133e+06
6.0011087085e+06
6.0011092242e+06
6.0011096988e+06
6.0011102127e+06
6.0011106107e+06
6.0011108550e+06
6.0011113082e+06
6.0011116358e+06
6.0011121550e+06
6.0011126910e+06
6.0011134085e+06
6.0011137420e+06
6.0011142208e+06
6.0011145155e+06
6.0011149047e+06
6.0011152732e+06
6.0011157512e+06
6.0011161348e+06
6.0011170685e+06
6.0011173950e+06
6.0011176528e+06
6.0011184818e+06
6.0011187428e+06
6.0011191398e+06
6.0011198223e+06
6.0011201382e+06
6.0011206155e+06
6.0011208877e+06
6.0011215642e+06
6.0011219245e+06
6.0011221487e+06
6.0011225828e+06
6.0011229682e+06
6.0011236262e+06
6.0011239998e+06
6.0011246745e+06
6.0011250378e+06
6.0011254037e+06
6.0011261928e+06
6.0011266837e+06
6.0011269540e+06
6.0011274260e+06
6.0011277530e+06
6.0011280652e+06
6.0011288070e+06
6.0011292768e+06
6.0011297588e+06
6.0011301087e+06
6.0011305967e+06
6.0011310422e+06
6.0011312555e+06
6.0011319337e+06
6.0011323670e+06
6.0011328265e+06
6.0011330558e+06
6.0011336983e+06
6.0011340802e+06
6.0011345038e+06
6.0011347835e+06
6.0011357405e+06
6.0011361905e+06
6.0011367352e+06
6.0011373760e+06
6.0011374868e+06
6.0011378278e+06
6.0011383197e+06
6.0011384758e+06
6.0011393453e+06
6.0011396382e+06
6.0011400848e+06
6.0011404133e+06
6.0011408427e+06
6.0011414703e+06
6.0011420550e+06
6.0011424660e+06
6.0011427222e+06
6.0011430570e+06
6.0011438385e+06
6.0011443623e+06
6.0011447922e+06
6.0011450503e+06
6.0011457943e+06
6.0011461890e+06
6.0011463498e+06
6.0011470345e+06
6.0011474185e+06
6.0011479740e+06
6.0011485127e+06
6.0011489105e+06
6.0011493568e+06
6.0011496325e+06
6.0011500000e+06
6.0011506217e+06
6.0011507967e+06
6.0011511978e+06
6.0011516875e+06
6.0011526508e+06
6.0011529198e+06
6.0011535213e+06
6.0011539165e+06
6.0011543673e+06
6.0011548080e+06
6.0011552370e+06
6.0011558470e+06
6.0011561985e+06
6.0011565335e+06
6.0011570480e+06
6.0011572807e+06
6.0011577235e+06
6.0011584313e+06
6.0011587682e+06
6.0011593125e+06
6.0011597807e+06
6.0011602078e+06
6.0011605223e+06
6.0011610843e+06
6.0011614530e+06
6.0011621045e+06
6.0011623123e+06
6.0011627732e+06
6.0011637105e+06
6.0011639083e+06
6.0011643450e+06
6.0011649227e+06
6.0011653683e+06
6.0011660137e+06
6.0011662410e+06
6.0011664497e+06
6.0011667305e+06
6.0011674923e+06
6.0011679543e+06
6.0011683438e+06
6.0011688307e+06
6.0011693265e+06
6.0011694530e+06
6.0011699128e+06
6.0011708205e+06
6.0011711565e+06
6.0011720148e+06
6.0011722210e+06
6.0011725558e+06
6.0011730773e+06
6.0011734688e+06
6.0011738352e+06
6.0011743082e+06
6.0011746555e+06
6.0011752295e+06
6.0011759907e+06
6.0011762167e+06
6.0011767018e+06
6.0011770857e+06
6.0011773348e+06
6.0011779045e+06
6.0011784385e+06
6.0011788550e+06
6.0011791528e+06
6.0011796393e+06
6.0011802390e+06
6.0011807242e+06
6.0011813607e+06
6.0011818707e+06
6.0011823187e+06
6.0011825400e+06
6.0011830575e+06
6.0011836535e+06
6.0011840307e+06
6.0011846035e+06
6.0011847318e+06
6.0011851510e+06
6.0011855340e+06
6.0011861110e+06
6.0011865168e+06
6.0011868477e+06
6.0011878262e+06
6.0011880608e+06
6.0011885548e+06
6.0011887700e+06
6.0011895140e+06
6.0011897763e+06
6.0011903070e+06
6.0011909880e+06
6.0011912720e+06
6.0011917800e+06
6.0011921988e+06
6.0011925185e+06
6.0011931980e+06
6.0011936265e+06
6.0011937588e+06
6.0011945185e+06
6.0011950757e+06
6.0011954160e+06
6.0011956310e+06
6.0011960702e+06
6.0011964585e+06
6.0011969965e+06
6.0011974413e+06
6.0011980020e+06
6.0011984667e+06
6.0011992047e+06
6.0011996868e+06
6.0012002280e+06
6.0012004780e+06
6.0012008415e+06
6.0012013688e+06
6.0012016047e+06
6.0012021693e+06
6.0012025910e+06
6.0012029675e+06
6.0012035495e+06
6.0012040132e+06
6.0012044787e+06
6.0012048432e+06
6.0012052945e+06
6.0012058908e+06
6.0012060530e+06
6.0012066280e+06
6.0012071957e+06
6.0012079298e+06
6.0012082083e+06
6.0012085908e+06
6.0012088995e+06
6.0012091680e+06
6.0012103070e+06
6.0012106855e+06
6.0012109947e+06
6.0012113487e+06
6.0012117328e+06
6.0012122828e+06
6.0012127570e+06
6.0012128863e+06
6.0012135378e+06
6.0012137907e+06
6.0012143793e+06
6.0012148930e+06
6.0012152125e+06
6.0012159088e+06
6.0012162385e+06
6.0012169760e+06
6.0012173977e+06
6.0012178422e+06
6.0012182405e+06
6.0012187682e+06
6.0012190632e+06
6.0012195355e+06
6.0012199940e+06
6.0012203777e+06
6.0012209483e+06
6.0012211152e+06
6.0012218570e+06
6.0012221928e+06
6.0012228275e+06
6.0012232457e+06
6.0012236425e+06
6.0012240522e+06
6.0012243135e+06
6.0012248063e+06
6.0012251082e+06
6.0012260342e+06
6.0012264543e+06
6.0012269640e+06
6.0012275367e+06
6.0012279440e+06
6.0012283503e+06
6.0012284248e+06
6.0012293218e+06
6.0012295460e+06
6.0012300137e+06
6.0012306688e+06
6.0012307893e+06
6.0012312390e+06
6.0012316050e+06
6.0012322155e+06
6.0012325925e+06
6.0012329777e+06
6.0012338642e+06
6.0012340658e+06
6.0012347275e+06
6.0012351758e+06
6.0012354873e+06
6.0012359808e+06
6.0012366650e+06
6.0012367548e+06
6.0012372977e+06
6.0012377522e+06
6.0012381238e+06
6.0012388192e+06
6.0012394380e+06
6.0012395730e+06
6.0012401542e+06
6.0012405335e+06
6.0012407170e+06
6.0012410930e+06
6.0012419355e+06
6.0012424957e+06
6.0012426092e+06
6.0012428393e+06
6.0012436827e+06
6.0012443422e+06
6.0012446348e+06
6.0012451447e+06
6.0012458523e+06
6.0012461820e+06
6.0012465752e+06
6.0012471480e+06
6.0012473092e+06
6.0012476545e+06
6.0012480912e+06
6.0012486020e+06
6.0012489928e+06
6.0012496978e+06
