day030 LOW-T SWEEP  (200-pt log grid [0.5, 1e3), dps-30, P1.1e wire form, low split at G = 1200)
     t0 | |zeta| | residf | dev | mnew | Efull | g(near) | s2floor
   0.5000 | 1.065349 | 1.26591e-08 | 2.48082e-03 | 7.357371 | +0.000 | 14.1347 | -99.00000
   0.5195 | 1.047370 | 5.68226e-09 | 2.57927e-03 | 8.117323 | -0.000 | 14.1347 | -99.00000
   0.5397 | 1.029138 | 1.88745e-08 | 2.68554e-03 | 8.963414 | -0.000 | 14.1347 | -99.00000
   0.5607 | 1.010694 | 7.53418e-09 | 2.80025e-03 | 9.907653 | -0.000 | 14.1347 | -99.00000
   0.5825 | 0.992081 | 8.58051e-09 | 2.92406e-03 | 10.961170 | -0.000 | 14.1347 | -99.00000
   0.6052 | 0.973344 | 8.61630e-09 | 3.05769e-03 | 12.138214 | -0.000 | 14.1347 | -99.00000
   0.6288 | 0.954528 | 7.81584e-09 | 3.20193e-03 | 13.454509 | -0.000 | 14.1347 | -99.00000
   0.6532 | 0.935679 | 6.61266e-09 | 3.35762e-03 | 14.927899 | -0.000 | 14.1347 | -99.00000
   0.6787 | 0.916841 | 1.19799e-08 | 3.52567e-03 | 16.578103 | -0.000 | 14.1347 | -99.00000
   0.7051 | 0.898062 | 6.89526e-09 | 3.70706e-03 | 18.429624 | +0.000 | 14.1347 | -99.00000
   0.7325 | 0.879386 | 6.48043e-09 | 3.90284e-03 | 20.507505 | +0.000 | 14.1347 | -99.00000
   0.7611 | 0.860858 | 2.29244e-08 | 4.11417e-03 | 22.839668 | +0.000 | 14.1347 | -99.00000
   0.7907 | 0.842520 | 1.03578e-08 | 4.34226e-03 | 25.466990 | +0.000 | 14.1347 | -99.00000
   0.8215 | 0.824415 | 1.11146e-08 | 4.58846e-03 | 28.422435 | +0.000 | 14.1347 | -99.00000
   0.8534 | 0.806583 | 1.11650e-08 | 4.85420e-03 | 31.752939 | -0.000 | 14.1347 | -99.00000
   0.8867 | 0.789062 | 7.08165e-09 | 5.14104e-03 | 35.511001 | +0.000 | 14.1347 | -99.00000
   0.9212 | 0.771888 | 1.24544e-08 | 5.45064e-03 | 39.751226 | +0.000 | 14.1347 | -99.00000
   0.9570 | 0.755097 | 8.07044e-09 | 5.78481e-03 | 44.547961 | +0.000 | 14.1347 | -99.00000
   0.9943 | 0.738720 | 8.25093e-09 | 6.14551e-03 | 49.973731 | -0.000 | 14.1347 | -99.00000
   1.0000 | 0.736305 | 9.58179e-09 | 6.20193e-03 | 50.845141 | -0.000 | 14.1347 | -99.00000
   1.0330 | 0.722788 | 1.00018e-08 | 6.53483e-03 | 56.118918 | +0.000 | 14.1347 | -99.00000
   1.0732 | 0.707330 | 8.21663e-09 | 6.95506e-03 | 63.090498 | -0.000 | 14.1347 | -99.00000
   1.1150 | 0.692371 | 1.03467e-08 | 7.40863e-03 | 71.002468 | +0.000 | 14.1347 | -99.00000
   1.1584 | 0.677935 | 1.61316e-08 | 7.89821e-03 | 79.991321 | +0.000 | 14.1347 | -99.00000
   1.2035 | 0.664046 | 1.49931e-08 | 8.42664e-03 | 90.229839 | +0.000 | 14.1347 | -99.00000
   1.2504 | 0.650723 | 8.86629e-09 | 8.99702e-03 | 101.906593 | +0.000 | 14.1347 | -99.00000
   1.2990 | 0.637987 | 9.37413e-09 | 9.61266e-03 | 115.219269 | +0.000 | 14.1347 | -99.00000
   1.3496 | 0.625854 | 1.82103e-08 | 1.02772e-02 | 130.408037 | +0.000 | 14.1347 | -99.00000
   1.4021 | 0.614342 | 1.52642e-08 | 1.09944e-02 | 147.817955 | +0.000 | 14.1347 | -99.00000
   1.4567 | 0.603467 | 1.32981e-08 | 1.17686e-02 | 167.765395 | +0.000 | 14.1347 | -99.00000
   1.5134 | 0.593241 | 1.41370e-08 | 1.26042e-02 | 190.644038 | +0.000 | 14.1347 | -99.00000
   1.5723 | 0.583681 | 9.18527e-09 | 1.35061e-02 | 216.970994 | -0.000 | 14.1347 | -99.00000
   1.6336 | 0.574800 | 3.09003e-08 | 1.44796e-02 | 247.088447 | +0.000 | 14.1347 | -99.00000
   1.6971 | 0.566611 | 2.15579e-08 | 1.55304e-02 | 282.043508 | +0.000 | 14.1347 | -99.00000
   1.7632 | 0.559129 | 2.29129e-08 | 1.66645e-02 | 322.315719 | +0.000 | 14.1347 | -99.00000
   1.8319 | 0.552367 | 1.59151e-08 | 1.78887e-02 | 369.012141 | +0.000 | 14.1347 | -99.00000
   1.9032 | 0.546340 | 1.41104e-08 | 1.92100e-02 | 423.065802 | +0.000 | 14.1347 | -99.00000
   1.9773 | 0.541064 | 2.32726e-08 | 2.06362e-02 | 485.595525 | +0.000 | 14.1347 | -99.00000
   2.0000 | 0.539633 | 2.52105e-08 | 2.10849e-02 | 506.237442 | +0.000 | 14.1347 | -99.00000
   2.0542 | 0.536557 | 2.99053e-08 | 2.21755e-02 | 558.325945 | +0.000 | 14.1347 | -99.00000
   2.1342 | 0.532836 | 2.67519e-08 | 2.38370e-02 | 643.333968 | +0.000 | 14.1347 | -99.00000
   2.2173 | 0.529922 | 3.92527e-08 | 2.56304e-02 | 741.969554 | +0.000 | 14.1347 | -99.00000
   2.3036 | 0.527837 | 2.55791e-08 | 2.75660e-02 | 858.502487 | +0.000 | 14.1347 | -99.00000
   2.3933 | 0.526607 | 3.07696e-08 | 2.96552e-02 | 994.104559 | +0.000 | 14.1347 | -99.00000
   2.4864 | 0.526259 | 3.47026e-08 | 3.19103e-02 | 1153.348817 | +0.000 | 14.1347 | -99.00000
   2.5832 | 0.526824 | 2.89687e-08 | 3.43442e-02 | 1341.603291 | +0.000 | 14.1347 | -99.00000
   2.6838 | 0.528337 | 3.00486e-08 | 3.69713e-02 | 1562.934193 | +0.000 | 14.1347 | -99.00000
   2.7883 | 0.530837 | 5.04280e-08 | 3.98067e-02 | 1821.413282 | +0.000 | 14.1347 | -99.00000
   2.8968 | 0.534367 | 5.83869e-08 | 4.28672e-02 | 2128.902680 | +0.000 | 14.1347 | -99.00000
   3.0096 | 0.538975 | 5.97307e-08 | 4.61704e-02 | 2494.882488 | +0.000 | 14.1347 | -99.00000
   3.1268 | 0.544715 | 5.34791e-08 | 4.97357e-02 | 2932.341478 | +0.000 | 14.1347 | -99.00000
   3.2485 | 0.551647 | 6.21607e-08 | 5.35838e-02 | 3448.290084 | +0.000 | 14.1347 | -99.00000
   3.3749 | 0.559836 | 6.87427e-08 | 5.77372e-02 | 4064.318123 | +0.000 | 14.1347 | -99.00000
   3.5063 | 0.569355 | 5.80689e-08 | 6.22200e-02 | 4811.581743 | +0.000 | 14.1347 | -99.00000
   3.6428 | 0.580286 | 7.37678e-08 | 6.70583e-02 | 5688.154379 | +0.000 | 14.1347 | -99.00000
   3.7846 | 0.592715 | 8.60572e-08 | 7.22803e-02 | 6740.664124 | +0.000 | 14.1347 | -99.00000
   3.9320 | 0.606739 | 8.40943e-08 | 7.79165e-02 | 8022.650310 | +0.000 | 14.1347 | -99.00000
   4.0850 | 0.622463 | 1.12386e-07 | 8.39995e-02 | 9517.315486 | +0.000 | 14.1347 | -99.00000
   4.2441 | 0.639998 | 1.14123e-07 | 9.05648e-02 | 11365.328600 | +0.000 | 14.1347 | -99.00000
   4.4093 | 0.659467 | 1.38379e-07 | 9.76506e-02 | 13536.076448 | +0.000 | 14.1347 | -99.00000
   4.5809 | 0.680997 | 1.43058e-07 | 1.05298e-01 | 16214.400539 | +0.000 | 14.1347 | -99.00000
   4.7592 | 0.704724 | 1.52998e-07 | 1.13552e-01 | 19433.712308 | +0.000 | 14.1347 | -99.00000
   4.9445 | 0.730787 | 1.79166e-07 | 1.22459e-01 | 23230.487768 | +0.000 | 14.1347 | -99.00000
   5.1370 | 0.759330 | 2.16106e-07 | 1.32072e-01 | 27709.861592 | +0.000 | 14.1347 | -99.00000
   5.3370 | 0.790492 | 2.29296e-07 | 1.42447e-01 | 33293.859796 | +0.000 | 14.1347 | -99.00000
   5.5448 | 0.824410 | 2.59203e-07 | 1.53643e-01 | 39829.687015 | +0.000 | 14.1347 | -99.00000
   5.7606 | 0.861204 | 2.97368e-07 | 1.65725e-01 | 47518.565554 | +0.000 | 14.1347 | -99.00000
   5.9849 | 0.900973 | 3.33623e-07 | 1.78764e-01 | 56696.177487 | +0.000 | 14.1347 | -99.00000
   6.2178 | 0.943779 | 3.78365e-07 | 1.92834e-01 | 67375.824203 | +0.000 | 14.1347 | -99.00000
   6.4599 | 0.989633 | 4.21614e-07 | 2.08016e-01 | 79989.288056 | +0.000 | 14.1347 | -99.00000
   6.7114 | 1.038473 | 4.65642e-07 | 2.24398e-01 | 94752.562572 | +0.000 | 14.1347 | -99.00000
   6.9726 | 1.090134 | 5.31958e-07 | 2.42074e-01 | 110922.654680 | +0.000 | 14.1347 | -99.00000
   7.2441 | 1.144314 | 5.94549e-07 | 2.61145e-01 | 129598.029169 | +0.000 | 14.1347 | -99.00000
   7.5261 | 1.200533 | 6.83840e-07 | 2.81718e-01 | 149039.228018 | +0.000 | 14.1347 | -99.00000
   7.8191 | 1.258074 | 7.84316e-07 | 3.03912e-01 | 169691.332572 | +0.000 | 14.1347 | -99.00000
   8.1235 | 1.315919 | 8.67710e-07 | 3.27850e-01 | 193589.551600 | +0.000 | 14.1347 | -99.00000
   8.4397 | 1.372674 | 1.00507e-06 | 3.53666e-01 | 214254.919912 | +0.000 | 14.1347 | -99.00000
   8.7683 | 1.426472 | 1.09481e-06 | 3.81502e-01 | 240492.310576 | +0.000 | 14.1347 | -99.00000
   9.1096 | 1.474875 | 1.23675e-06 | 4.11509e-01 | 261727.735269 | +0.000 | 14.1347 | -99.00000
   9.4642 | 1.514763 | 1.37861e-06 | 4.43845e-01 | 282345.407670 | +0.000 | 14.1347 | -99.00000
   9.8327 | 1.542226 | 1.52912e-06 | 4.78674e-01 | 300338.034943 | +0.000 | 14.1347 | -99.00000
  10.2154 | 1.552471 | 1.60965e-06 | 5.16164e-01 | 324398.634965 | +0.000 | 14.1347 | -99.00000
  10.6131 | 1.539762 | 1.72687e-06 | 5.56476e-01 | 339458.388477 | +0.000 | 14.1347 | -99.00000
  11.0263 | 1.497429 | 1.84902e-06 | 5.99751e-01 | 347064.378868 | +0.000 | 14.1347 | -99.00000
  11.4555 | 1.417994 | 1.85347e-06 | 6.46080e-01 | 360997.070233 | +0.000 | 14.1347 | -99.00000
  11.9015 | 1.293472 | 1.84282e-06 | 6.95417e-01 | 363168.585106 | +0.000 | 14.1347 | -99.00000
  12.3648 | 1.115920 | 1.70865e-06 | 7.47373e-01 | 363239.524636 | +0.000 | 14.1347 | -99.00000
  12.8461 | 0.878335 | 1.44103e-06 | 8.00471e-01 | 354159.085012 | +0.000 | 14.1347 | -99.00000
  13.3462 | 0.575984 | 1.03591e-06 | 8.48465e-01 | 317323.318455 | +0.000 | 14.1347 | -99.00000
  13.8658 | 0.208227 | 4.00185e-07 | 8.32670e-01 | 199918.066189 | +0.000 | 14.1347 | -99.00000
  14.1300 | 0.003746 | 7.49573e-09 | 7.06292e-02 | 578.640470 | +0.000 | 14.1347 | -5289.84658
  14.4055 | 0.219158 | 4.54803e-07 | 1.03864e+00 | 256466.912173 | +0.000 | 14.1347 | -99.00000
  14.9663 | 0.691284 | 1.56235e-06 | 1.12098e+00 | 394706.128351 | +0.000 | 14.1347 | -99.00000
  15.5490 | 1.181462 | 2.84710e-06 | 1.20986e+00 | 444115.049454 | +0.000 | 14.1347 | -99.00000
  16.1543 | 1.649189 | 4.30341e-06 | 1.30579e+00 | 463363.187035 | +0.000 | 14.1347 | -99.00000
  16.7831 | 2.039918 | 5.77056e-06 | 1.40934e+00 | 472122.048703 | +0.000 | 14.1347 | -99.00000
  17.4365 | 2.288167 | 6.98499e-06 | 1.52110e+00 | 478071.238441 | +0.000 | 14.1347 | -99.00000
  18.1153 | 2.325745 | 7.60321e-06 | 7.35367e-01 | 217126.471897 | +0.000 | 21.0220 | -99.00000
  18.8205 | 2.096609 | 7.45224e-06 | 7.91602e-01 | 215381.238757 | +0.000 | 21.0220 | -99.00000
  19.5532 | 1.578504 | 6.04397e-06 | 8.49744e-01 | 213625.547374 | +0.000 | 21.0220 | -99.00000
  20.3144 | 0.808651 | 3.33394e-06 | 9.00919e-01 | 205129.619108 | +0.000 | 21.0220 | -99.00000
  21.1052 | 0.094050 | 4.21140e-07 | 1.00792e+00 | 152219.301772 | +0.000 | 21.0220 | -299.72701
  21.9268 | 0.923553 | 4.44482e-06 | 1.08788e+00 | 216925.555588 | +0.000 | 21.0220 | -99.00000
  22.7804 | 1.415260 | 7.38981e-06 | 1.17418e+00 | 219728.219556 | +0.000 | 21.0220 | -99.00000
  23.6672 | 1.322868 | 7.43115e-06 | 8.81092e-01 | 153536.637816 | +0.000 | 25.0109 | -99.00000
  24.5885 | 0.540463 | 3.27718e-06 | 9.19668e-01 | 145092.696096 | +0.000 | 25.0109 | -99.00000
  25.5457 | 0.768536 | 5.03072e-06 | 1.04321e+00 | 155126.764283 | +0.000 | 25.0109 | -99.00000
  26.5402 | 2.118880 | 1.49530e-05 | 1.12598e+00 | 158206.126082 | +0.000 | 25.0109 | -99.00000
  27.5734 | 2.832940 | 2.16078e-05 | 1.21533e+00 | 158471.493982 | +0.000 | 25.0109 | -99.00000
  28.6468 | 2.401645 | 1.97657e-05 | 8.77651e-01 | 106052.203608 | +0.000 | 30.4249 | -99.00000
  29.7620 | 0.950431 | 8.42696e-06 | 9.32429e-01 | 103913.417652 | +0.000 | 30.4249 | -99.00000
  30.9206 | 0.556566 | 5.32644e-06 | 1.03284e+00 | 106052.928978 | +0.000 | 30.4249 | -99.00000
  32.1243 | 0.808801 | 8.36773e-06 | 9.32921e-01 | 89245.383993 | +0.000 | 32.9351 | -99.00000
  33.3749 | 0.665280 | 7.42224e-06 | 1.02688e+00 | 91053.676476 | +0.000 | 32.9351 | -99.00000
  34.6741 | 2.567010 | 3.09099e-05 | 1.10837e+00 | 91826.149815 | +0.000 | 32.9351 | -99.00000
  36.0240 | 2.636683 | 3.42281e-05 | 9.10306e-01 | 69981.817293 | +0.000 | 37.5862 | -99.00000
  37.4264 | 0.313489 | 4.38922e-06 | 9.08506e-01 | 63953.664718 | +0.000 | 37.5862 | -155.41930
  38.8833 | 1.742072 | 2.64019e-05 | 1.07020e+00 | 70456.413395 | +0.000 | 37.5862 | -99.00000
  40.3970 | 0.786185 | 1.28462e-05 | 9.51411e-01 | 57977.857499 | +0.000 | 40.9187 | -99.00000
  41.9696 | 1.092462 | 1.92714e-05 | 1.05202e+00 | 59479.611205 | +0.000 | 40.9187 | -99.00000
  43.6035 | 0.542918 | 1.03332e-05 | 1.01280e+00 | 52971.186917 | +0.000 | 43.3271 | -99.00000
  45.3009 | 3.548794 | 7.29298e-05 | 1.09318e+00 | 53162.534770 | +0.000 | 43.3271 | -99.00000
  47.0644 | 1.859816 | 4.12520e-05 | 9.50243e-01 | 42798.954331 | +0.000 | 48.0052 | -99.00000
  48.8966 | 0.712649 | 1.70613e-05 | 9.53725e-01 | 39749.522945 | +0.000 | 49.7738 | -99.00000
  50.0000 | 0.340735 | 8.52765e-06 | 1.00911e+00 | 40151.267144 | +0.000 | 49.7738 | -109.53753
  50.8001 | 1.568150 | 4.05357e-05 | 1.04166e+00 | 40262.713915 | +0.000 | 49.7738 | -99.00000
  52.7777 | 0.455652 | 1.27053e-05 | 9.43835e-01 | 33763.237633 | +0.000 | 52.9703 | -128.80400
  54.8323 | 2.892833 | 8.71353e-05 | 9.38236e-01 | 31138.109115 | +0.000 | 56.4462 | -99.00000
  56.9669 | 1.092895 | 3.55008e-05 | 1.01853e+00 | 31331.086203 | +0.000 | 56.4462 | -99.00000
  59.1846 | 0.237952 | 8.34698e-06 | 9.42765e-01 | 26793.624340 | +0.000 | 59.3470 | -152.85490
  61.4886 | 1.429118 | 5.41117e-05 | 1.02171e+00 | 26972.006347 | +0.000 | 60.8318 | -99.00000
  63.8822 | 3.219919 | 1.31619e-04 | 9.56392e-01 | 23393.231316 | +0.000 | 65.1125 | -99.00000
  66.3691 | 1.000107 | 4.41310e-05 | 9.68495e-01 | 21938.152891 | +0.000 | 67.0798 | -99.00000
  68.9528 | 1.117216 | 5.32436e-05 | 9.70947e-01 | 20366.264152 | +0.000 | 69.5464 | -99.00000
  71.6371 | 1.134056 | 5.83529e-05 | 9.72020e-01 | 18884.995303 | +0.000 | 72.0672 | -99.00000
  74.4259 | 2.967017 | 1.64793e-04 | 9.61384e-01 | 17307.534401 | +0.000 | 75.7047 | -99.00000
  77.3232 | 0.270791 | 1.62303e-05 | 1.00463e+00 | 16746.068011 | +0.000 | 77.1448 | -139.17953
  80.3333 | 2.905911 | 1.88096e-04 | 1.02526e+00 | 15838.184123 | +0.000 | 79.3374 | -99.00000
  83.4606 | 1.059146 | 7.40073e-05 | 1.01332e+00 | 14499.411646 | +0.000 | 82.9104 | -99.00000
  86.7097 | 1.358628 | 1.02453e-04 | 9.75739e-01 | 12937.751629 | +0.000 | 87.4253 | -99.00000
  90.0852 | 3.678752 | 2.99554e-04 | 1.02894e+00 | 12635.747731 | +0.000 | 88.8091 | -99.00000
  93.5921 | 1.466272 | 1.28878e-04 | 9.72786e-01 | 11066.721788 | +0.000 | 94.6513 | -99.00000
  97.2356 | 2.790718 | 2.64783e-04 | 1.02868e+00 | 10841.490175 | +0.000 | 95.8706 | -99.00000
 100.0000 | 2.692697 | 2.70357e-04 | 1.02379e+00 | 10196.422021 | +0.000 | 98.8312 | -99.00000
 101.0209 | 0.937788 | 9.60600e-05 | 9.77555e-01 | 9542.528011 | +0.000 | 101.3179 | -99.00000
 104.9535 | 0.788792 | 8.72577e-05 | 9.81077e-01 | 8867.914541 | +0.000 | 105.4466 | -99.00000
 109.0393 | 5.186502 | 6.19361e-04 | 1.03521e+00 | 8668.736169 | +0.000 | 107.1686 | -99.00000
 113.2841 | 1.789563 | 2.30840e-04 | 9.77754e-01 | 7579.712199 | +0.000 | 114.3202 | -99.00000
 117.6941 | 3.056102 | 4.25514e-04 | 9.77802e-01 | 7022.613006 | +0.000 | 118.7908 | -99.00000
 120.0000 | 2.811852 | 4.07079e-04 | 1.02046e+00 | 7048.619513 | +0.000 | 118.7908 | -99.00000
 122.2758 | 0.838365 | 1.26044e-04 | 9.83071e-01 | 6538.435436 | +0.000 | 122.9468 | -99.00000
 127.0359 | 2.026536 | 3.28963e-04 | 9.84334e-01 | 6063.760709 | +0.000 | 127.5167 | -99.00000
 131.9813 | 1.906353 | 3.34136e-04 | 1.01368e+00 | 5783.286512 | +0.000 | 131.0877 | -99.00000
 137.1192 | 3.850796 | 7.28909e-04 | 9.82000e-01 | 5187.826494 | +0.000 | 138.1160 | -99.00000
 142.4571 | 1.676214 | 3.42668e-04 | 9.85548e-01 | 4820.903456 | +0.000 | 143.1118 | -99.00000
 148.0029 | 1.659444 | 3.66336e-04 | 1.00789e+00 | 4565.503355 | +0.000 | 147.4228 | -99.00000
 153.7645 | 3.389310 | 8.08159e-04 | 1.00969e+00 | 4234.491601 | +0.000 | 153.0247 | -99.00000
 159.7504 | 2.132022 | 5.49056e-04 | 1.01137e+00 | 3927.190491 | +0.000 | 158.8500 | -99.00000
 165.9693 | 1.139648 | 3.16999e-04 | 1.00523e+00 | 3613.873525 | +0.000 | 165.5371 | -99.00000
 172.4304 | 4.480756 | 1.34633e-03 | 9.85786e-01 | 3280.813919 | +0.000 | 173.4115 | -99.00000
 179.1429 | 1.415699 | 4.59496e-04 | 1.00860e+00 | 3107.463463 | +0.000 | 178.3774 | -99.00000
 186.1168 | 0.749646 | 2.62856e-04 | 1.00559e+00 | 2867.840366 | +0.000 | 185.5988 | -99.00000
 193.3622 | 0.740372 | 2.80479e-04 | 1.00293e+00 | 2647.377863 | +0.000 | 193.0797 | -99.00000
 200.8896 | 1.592589 | 6.51907e-04 | 9.89660e-01 | 2417.700207 | +0.000 | 201.2648 | -99.00000
 208.7100 | 2.161030 | 9.55803e-04 | 1.00775e+00 | 2278.468780 | +0.000 | 207.9063 | -99.00000
 216.8349 | 3.467006 | 1.65710e-03 | 1.00617e+00 | 2105.113926 | +0.000 | 216.1695 | -99.00000
 225.2761 | 1.015165 | 5.24427e-04 | 1.00260e+00 | 1940.796402 | +0.001 | 224.9833 | -99.00000
 234.0459 | 1.750180 | 9.77252e-04 | 1.00302e+00 | 1796.323032 | +0.001 | 233.6934 | -99.00000
 243.1571 | 0.886680 | 5.35212e-04 | 1.00275e+00 | 1661.241881 | +0.001 | 242.8233 | -99.00000
 252.6230 | 2.174210 | 1.41888e-03 | 9.92055e-01 | 1520.164532 | +0.001 | 253.0700 | -99.00000
 262.4574 | 5.492092 | 3.87535e-03 | 9.89850e-01 | 1402.803285 | +0.001 | 263.5739 | -99.00000
 272.6746 | 3.107955 | 2.37165e-03 | 9.91941e-01 | 1299.899912 | +0.001 | 273.4596 | -99.00000
 283.2896 | 0.163246 | 1.34739e-04 | 1.00055e+00 | 1212.231637 | +0.001 | 283.2112 | -318.01181
 294.3178 | 0.846094 | 7.55447e-04 | 9.92999e-01 | 1112.149026 | +0.001 | 294.9654 | -99.00000
 305.7753 | 0.102780 | 9.92946e-05 | 1.00030e+00 | 1035.407882 | +0.001 | 305.7289 | -538.17100
 317.6788 | 0.244657 | 2.55799e-04 | 9.71536e-01 | 929.216441 | +0.001 | 317.7348 | -445.64981
 330.0458 | 0.202312 | 2.28968e-04 | 1.00056e+00 | 884.071346 | +0.001 | 329.9532 | -269.14741
 342.8942 | 4.224842 | 5.17704e-03 | 1.00491e+00 | 820.082337 | +0.001 | 342.0549 | -99.00000
 356.2427 | 0.586835 | 7.78807e-04 | 1.00127e+00 | 754.457021 | +0.001 | 356.0176 | -110.03858
 370.1109 | 0.255187 | 3.66890e-04 | 1.00032e+00 | 695.766373 | +0.001 | 370.0509 | -415.61139
 384.5190 | 1.042232 | 1.62382e-03 | 9.94761e-01 | 638.477086 | +0.002 | 384.9561 | -99.00000
 399.4880 | 3.178921 | 5.36905e-03 | 9.95003e-01 | 589.123269 | +0.002 | 399.9851 | -99.00000
 415.0397 | 0.032570 | 5.96563e-05 | 1.00010e+00 | 546.011499 | +0.002 | 415.0188 | -1196.39952
 431.1968 | 0.164997 | 3.27875e-04 | 9.88423e-01 | 497.405491 | +0.002 | 431.3013 | -238.23229
 447.9829 | 1.201160 | 2.59072e-03 | 1.00242e+00 | 464.761076 | +0.002 | 447.4417 | -99.00000
 465.4225 | 0.676591 | 1.58474e-03 | 9.94621e-01 | 424.643891 | +0.002 | 465.6715 | -99.37479
 483.5409 | 0.640574 | 1.63026e-03 | 9.95390e-01 | 391.115421 | +0.003 | 483.8514 | -99.00000
 500.0000 | 1.472448 | 4.03225e-03 | 9.95532e-01 | 363.536639 | +0.003 | 500.3091 | -99.00000
 502.3648 | 0.227678 | 6.29983e-04 | 1.00035e+00 | 361.530608 | +0.003 | 502.2763 | -281.53272
 521.9214 | 0.672911 | 2.02571e-03 | 1.00152e+00 | 332.690789 | +0.003 | 521.5252 | -99.00000
 542.2393 | 2.363862 | 7.74796e-03 | 1.00145e+00 | 305.536051 | +0.003 | 541.8474 | -99.00000
 563.3482 | 2.122482 | 7.58071e-03 | 1.00281e+00 | 280.770334 | +0.004 | 562.5592 | -99.00000
 585.2788 | 1.380205 | 5.37680e-03 | 9.96384e-01 | 255.768156 | +0.004 | 585.9846 | -99.00000
 608.0632 | 2.108962 | 8.97046e-03 | 9.96503e-01 | 234.278595 | +0.004 | 608.4132 | -99.00000
 631.7345 | 1.227090 | 5.70561e-03 | 9.96837e-01 | 214.387226 | +0.005 | 632.2251 | -99.00000
 656.3274 | 1.378515 | 7.01609e-03 | 1.00189e+00 | 196.849734 | +0.005 | 655.7095 | -99.00000
 681.8776 | 0.063287 | 3.53112e-04 | 9.57808e-01 | 171.665302 | +0.006 | 681.8950 | -1435.80436
 708.4225 | 0.763233 | 4.67647e-03 | 1.00043e+00 | 163.278044 | +0.006 | 708.2691 | -161.97739
 736.0007 | 0.947848 | 6.39043e-03 | 1.00064e+00 | 148.417913 | +0.007 | 735.7655 | -105.27010
 764.6525 | 1.166048 | 8.67034e-03 | 1.00090e+00 | 134.608529 | +0.007 | 764.3075 | -99.00000
 794.4198 | 0.273974 | 2.25283e-03 | 9.90008e-01 | 120.398288 | +0.008 | 794.4838 | -389.52491
 825.3458 | 3.229573 | 2.94609e-02 | 9.97449e-01 | 109.342647 | +0.009 | 826.0393 | -99.00000
 857.4758 | 0.617226 | 6.27034e-03 | 1.00039e+00 | 98.473642 | +0.010 | 857.3107 | -150.48175
 890.8565 | 0.204670 | 2.32633e-03 | 1.00010e+00 | 87.988632 | +0.011 | 890.8131 | -575.07499
 925.5368 | 5.069204 | 6.48401e-02 | 1.00165e+00 | 78.309201 | +0.013 | 924.7735 | -99.00000
 961.5671 | 0.983419 | 1.42610e-02 | 9.94715e-01 | 68.593966 | +0.015 | 961.6696 | -242.89279
 999.0000 | 0.711847 | 1.18187e-02 | 1.00035e+00 | 60.251503 | +0.017 | 998.8275 | -143.96715

WORST 10 (min margin first):
  t0 =   0.500000  d-argmin see pre-flight  mnew = 7.35737123  residf = 1.26591e-08  dev = 2.48082e-03  s2floor = -99.00000
  t0 =   0.519465  d-argmin see pre-flight  mnew = 8.11732268  residf = 5.68226e-09  dev = 2.57927e-03  s2floor = -99.00000
  t0 =   0.539687  d-argmin see pre-flight  mnew = 8.96341427  residf = 1.88745e-08  dev = 2.68554e-03  s2floor = -99.00000
  t0 =   0.560696  d-argmin see pre-flight  mnew = 9.90765305  residf = 7.53418e-09  dev = 2.80025e-03  s2floor = -99.00000
  t0 =   0.582524  d-argmin see pre-flight  mnew = 10.96117022  residf = 8.58051e-09  dev = 2.92406e-03  s2floor = -99.00000
  t0 =   0.605201  d-argmin see pre-flight  mnew = 12.13821378  residf = 8.61630e-09  dev = 3.05769e-03  s2floor = -99.00000
  t0 =   0.628761  d-argmin see pre-flight  mnew = 13.45450921  residf = 7.81584e-09  dev = 3.20193e-03  s2floor = -99.00000
  t0 =   0.653238  d-argmin see pre-flight  mnew = 14.92789888  residf = 6.61266e-09  dev = 3.35762e-03  s2floor = -99.00000
  t0 =   0.678668  d-argmin see pre-flight  mnew = 16.57810271  residf = 1.19799e-08  dev = 3.52567e-03  s2floor = -99.00000
  t0 =   0.705088  d-argmin see pre-flight  mnew = 18.42962368  residf = 6.89526e-09  dev = 3.70706e-03  s2floor = -99.00000

GLOBAL MIN margin_new = 7.35737123 at t0 = 0.500000
S2 floor min = -5289.84658 (>= 0.99*23/1000 form)

VERDICT: S1 MARGIN >= 1 AT ALL 207 GRID POINTS - the low-t data territory is SOUND at screen level; the global-min point (0.500000) is the low-t PIN (dual-precision certify next)
