window      : [1000000, 1400000]
original walk: 773585 zeros counted in window (from S file)  [N_orig range 1747142 .. 2520727]
CPU re-walk dt=0.0005: 773829 sign flips, min gap 0.006500
CPU re-walk dt=0.00025: 773829 sign flips, min gap 0.006750
count agreement: STABLE (exact agreement)

t        N_NEW   N_ORIG  diff(t)  (cumulative missed flips)
1000001       1747144   1747142   +2
1000002       1747146   1747142   +4
1000003       1747147   1747142   +5
1000004       1747149   1747142   +7
1000005       1747151   1747142   +9
1000006       1747153   1747142   +11
1000007       1747155   1747142   +13
1000008       1747157   1747142   +15
1000009       1747159   1747142   +17
1000010       1747160   1747142   +18
1000011       1747163   1747142   +21
1000012       1747164   1747142   +22
1000013       1747166   1747142   +24
1000014       1747168   1747142   +26
1000015       1747170   1747142   +28
1000016       1747172   1747142   +30
1000017       1747174   1747142   +32
1000018       1747176   1747142   +34
1000019       1747178   1747142   +36
1000020       1747179   1747142   +37
1000021       1747181   1747142   +39
1000022       1747183   1747142   +41
1000023       1747185   1747142   +43
1000024       1747187   1747142   +45
1000025       1747189   1747142   +47
1000026       1747191   1747142   +49
1000027       1747193   1747142   +51
1000028       1747195   1747142   +53
1000029       1747197   1747142   +55
1000030       1747199   1747142   +57
1000031       1747201   1747142   +59
1000032       1747202   1747142   +60
1000033       1747204   1747142   +62
1000034       1747207   1747142   +65
1000035       1747209   1747142   +67
1000036       1747210   1747142   +68
1000037       1747212   1747142   +70
1000038       1747214   1747142   +72
1000039       1747216   1747142   +74
1000040       1747217   1747142   +75
1000041       1747220   1747142   +78
1000042       1747222   1747142   +80
1000043       1747223   1747142   +81
1000044       1747226   1747142   +84
1000045       1747228   1747142   +86
1000046       1747230   1747142   +88
1000047       1747232   1747142   +90
1000048       1747232   1747142   +90
1000049       1747234   1747142   +92
1000050       1747237   1747142   +95
1000051       1747239   1747142   +97
1000052       1747240   1747142   +98
1000053       1747243   1747142   +101
1000054       1747245   1747142   +103
1000055       1747246   1747142   +104
1000056       1747248   1747142   +106
1000057       1747250   1747142   +108
1000058       1747252   1747142   +110
1000059       1747254   1747142   +112
1000060       1747256   1747142   +114
1000061       1747257   1747142   +115
1000062       1747260   1747142   +118
1000063       1747262   1747142   +120
1000064       1747264   1747142   +122
1000065       1747266   1747142   +124
1000066       1747267   1747142   +125
1000067       1747269   1747142   +127
1000068       1747270   1747142   +128
1000069       1747273   1747142   +131
1000070       1747276   1747142   +134
1000071       1747277   1747142   +135
1000072       1747279   1747142   +137
1000073       1747281   1747142   +139
1000074       1747282   1747142   +140
1000075       1747284   1747142   +142
1000076       1747286   1747142   +144
1000077       1747288   1747142   +146
1000078       1747290   1747142   +148
1000079       1747292   1747142   +150
1000080       1747294   1747142   +152
1000081       1747297   1747142   +155
1000082       1747299   1747142   +157
1000083       1747300   1747142   +158
1000084       1747302   1747142   +160
1000085       1747303   1747142   +161
1000086       1747305   1747142   +163
1000087       1747307   1747142   +165
1000088       1747309   1747142   +167
1000089       1747312   1747142   +170
1000090       1747313   1747142   +171
1000091       1747315   1747142   +173
1000092       1747317   1747142   +175
1000093       1747319   1747142   +177
1000094       1747320   1747142   +178
1000095       1747322   1747142   +180
1000096       1747324   1747142   +182
1000097       1747327   1747142   +185
1000098       1747328   1747142   +186
1000099       1747331   1747142   +189
1000100       1747332   1747142   +190
1000101       1747334   1747142   +192
1000102       1747336   1747142   +194
1000103       1747337   1747142   +195
1000104       1747340   1747142   +198
1000105       1747342   1747142   +200
1000106       1747343   1747142   +201
1000107       1747345   1747142   +203
1000108       1747348   1747142   +206
1000109       1747350   1747142   +208
1000110       1747351   1747142   +209
1000111       1747353   1747142   +211
1000112       1747355   1747142   +213
1000113       1747357   1747142   +215
1000114       1747359   1747142   +217
1000115       1747361   1747142   +219
1000116       1747363   1747142   +221
1000117       1747365   1747142   +223
1000118       1747366   1747142   +224
1000119       1747369   1747142   +227
1000120       1747370   1747142   +228
1000121       1747372   1747142   +230
1000122       1747374   1747142   +232
1000123       1747375   1747142   +233
1000124       1747378   1747142   +236
1000125       1747380   1747142   +238
1000126       1747382   1747142   +240
1000127       1747384   1747142   +242
1000128       1747386   1747142   +244
1000129       1747387   1747143   +244
1000130       1747389   1747145   +244
1000131       1747391   1747147   +244
1000132       1747393   1747149   +244
1000133       1747396   1747152   +244
1000134       1747397   1747153   +244
1000135       1747399   1747155   +244
1000136       1747401   1747157   +244
1000137       1747403   1747159   +244
1000138       1747405   1747161   +244
1000139       1747406   1747162   +244
1000140       1747408   1747164   +244
1000141       1747410   1747166   +244
1000142       1747412   1747168   +244
1000143       1747414   1747170   +244
1000144       1747417   1747173   +244
1000145       1747418   1747174   +244
1000146       1747420   1747176   +244
1000147       1747422   1747178   +244
1000148       1747423   1747179   +244
1000149       1747425   1747181   +244
1000150       1747427   1747183   +244
1000151       1747430   1747186   +244
1000152       1747431   1747187   +244
1000153       1747433   1747189   +244
1000154       1747435   1747191   +244
1000155       1747438   1747194   +244
1000156       1747439   1747195   +244
1000157       1747441   1747197   +244
1000158       1747442   1747198   +244
1000159       1747445   1747201   +244
1000160       1747447   1747203   +244
1000161       1747448   1747204   +244
1000162       1747450   1747206   +244
1000163       1747452   1747208   +244
1000164       1747454   1747210   +244
1000165       1747456   1747212   +244
1000166       1747458   1747214   +244
1000167       1747460   1747216   +244
1000168       1747462   1747218   +244
1000169       1747463   1747219   +244
1000170       1747466   1747222   +244
1000171       1747467   1747223   +244
1000172       1747470   1747226   +244
1000173       1747472   1747228   +244
1000174       1747473   1747229   +244
1000175       1747475   1747231   +244
1000176       1747476   1747232   +244
1000177       1747479   1747235   +244
1000178       1747481   1747237   +244
1000179       1747483   1747239   +244
1000180       1747484   1747240   +244
1000181       1747486   1747242   +244
1000182       1747488   1747244   +244
1000183       1747491   1747247   +244
1000184       1747492   1747248   +244
1000185       1747494   1747250   +244
1000186       1747496   1747252   +244
1000187       1747498   1747254   +244
1000188       1747500   1747256   +244
1000189       1747502   1747258   +244
1000190       1747504   1747260   +244
1000191       1747506   1747262   +244
1000192       1747508   1747264   +244
1000193       1747509   1747265   +244
1000194       1747511   1747267   +244
1000195       1747514   1747270   +244
1000196       1747515   1747271   +244
1000197       1747517   1747273   +244
1000198       1747519   1747275   +244
1000199       1747521   1747277   +244
1000200       1747523   1747279   +244
1000201       1747525   1747281   +244
1000202       1747527   1747283   +244
1000203       1747528   1747284   +244
1000204       1747530   1747286   +244
1000205       1747532   1747288   +244
1000206       1747535   1747291   +244
1000207       1747536   1747292   +244
1000208       1747538   1747294   +244
1000209       1747540   1747296   +244
1000210       1747542   1747298   +244
1000211       1747544   1747300   +244
1000212       1747546   1747302   +244
1000213       1747547   1747303   +244
1000214       1747550   1747306   +244
1000215       1747551   1747307   +244
1000216       1747553   1747309   +244
1000217       1747556   1747312   +244
1000218       1747557   1747313   +244
1000219       1747559   1747315   +244
1000220       1747560   1747316   +244
1000221       1747563   1747319   +244
1000222       1747564   1747320   +244
1000223       1747566   1747322   +244
1000224       1747569   1747325   +244
1000225       1747571   1747327   +244
1000226       1747572   1747328   +244
1000227       1747574   1747330   +244
1000228       1747576   1747332   +244
1000229       1747578   1747334   +244
1000230       1747580   1747336   +244
1000231       1747582   1747338   +244
1000232       1747583   1747339   +244
1000233       1747586   1747342   +244
1000234       1747588   1747344   +244
1000235       1747590   1747346   +244
1000236       1747592   1747348   +244
1000237       1747594   1747350   +244
1000238       1747595   1747351   +244
1000239       1747597   1747353   +244
1000240       1747598   1747354   +244
1000241       1747602   1747358   +244
1000242       1747602   1747358   +244
1000243       1747605   1747361   +244
1000244       1747607   1747363   +244
1000245       1747608   1747364   +244
1000246       1747611   1747367   +244
1000247       1747612   1747368   +244
1000248       1747614   1747370   +244
1000249       1747616   1747372   +244
1000250       1747618   1747374   +244
1000251       1747620   1747376   +244
1000252       1747622   1747378   +244
1000253       1747624   1747380   +244
1000254       1747626   1747382   +244
1000255       1747627   1747383   +244
1000256       1747629   1747385   +244
1000257       1747631   1747387   +244
1000258       1747633   1747389   +244
1000259       1747635   1747391   +244
1000260       1747637   1747393   +244
1000261       1747639   1747395   +244
1000262       1747641   1747397   +244
1000263       1747643   1747399   +244
1000264       1747645   1747401   +244
1000265       1747647   1747403   +244
1000266       1747648   1747404   +244
1000267       1747650   1747406   +244
1000268       1747652   1747408   +244
1000269       1747655   1747411   +244
1000270       1747656   1747412   +244
1000271       1747658   1747414   +244
1000272       1747660   1747416   +244
1000273       1747662   1747418   +244
1000274       1747663   1747419   +244
1000275       1747666   1747422   +244
1000276       1747668   1747424   +244
1000277       1747670   1747426   +244
1000278       1747671   1747427   +244
1000279       1747673   1747429   +244
1000280       1747676   1747432   +244
1000281       1747678   1747434   +244
1000282       1747679   1747435   +244
1000283       1747681   1747437   +244
1000284       1747682   1747438   +244
1000285       1747685   1747441   +244
1000286       1747686   1747442   +244
1000287       1747689   1747445   +244
1000288       1747691   1747447   +244
1000289       1747692   1747448   +244
1000290       1747695   1747451   +244
1000291       1747696   1747452   +244
1000292       1747698   1747454   +244
1000293       1747700   1747456   +244
1000294       1747701   1747457   +244
1000295       1747704   1747460   +244
1000296       1747706   1747462   +244
1000297       1747707   1747463   +244
1000298       1747710   1747466   +244
1000299       1747712   1747468   +244
1000300       1747714   1747470   +244
1000301       1747715   1747471   +244
1000302       1747717   1747473   +244
1000303       1747719   1747475   +244
1000304       1747721   1747477   +244
1000305       1747723   1747479   +244
1000306       1747725   1747481   +244
1000307       1747727   1747483   +244
1000308       1747729   1747485   +244
1000309       1747731   1747487   +244
1000310       1747732   1747488   +244
1000311       1747734   1747490   +244
1000312       1747736   1747492   +244
1000313       1747737   1747493   +244
1000314       1747740   1747496   +244
1000315       1747742   1747498   +244
1000316       1747744   1747500   +244
1000317       1747746   1747502   +244
1000318       1747747   1747503   +244
1000319       1747750   1747506   +244
1000320       1747751   1747507   +244
1000321       1747753   1747509   +244
1000322       1747755   1747511   +244
1000323       1747757   1747513   +244
1000324       1747759   1747515   +244
1000325       1747761   1747517   +244
1000326       1747763   1747519   +244
1000327       1747765   1747521   +244
1000328       1747767   1747523   +244
1000329       1747768   1747524   +244
1000330       1747770   1747526   +244
1000331       1747772   1747528   +244
1000332       1747774   1747530   +244
1000333       1747776   1747532   +244
1000334       1747779   1747535   +244
1000335       1747780   1747536   +244
1000336       1747782   1747538   +244
1000337       1747784   1747540   +244
1000338       1747786   1747542   +244
1000339       1747788   1747544   +244
1000340       1747789   1747545   +244
1000341       1747792   1747548   +244
1000342       1747793   1747549   +244
1000343       1747796   1747552   +244
1000344       1747798   1747554   +244
1000345       1747800   1747556   +244
1000346       1747801   1747557   +244
1000347       1747803   1747559   +244
1000348       1747804   1747560   +244
1000349       1747806   1747562   +244
1000350       1747809   1747565   +244
1000351       1747811   1747567   +244
1000352       1747812   1747568   +244
1000353       1747815   1747571   +244
1000354       1747817   1747573   +244
1000355       1747818   1747574   +244
1000356       1747820   1747576   +244
1000357       1747822   1747578   +244
1000358       1747824   1747580   +244
1000359       1747826   1747582   +244
1000360       1747828   1747584   +244
1000361       1747830   1747586   +244
1000362       1747832   1747588   +244
1000363       1747834   1747590   +244
1000364       1747835   1747591   +244
1000365       1747837   1747593   +244
1000366       1747839   1747595   +244
1000367       1747841   1747597   +244
1000368       1747843   1747599   +244
1000369       1747845   1747601   +244
1000370       1747847   1747603   +244
1000371       1747849   1747605   +244
1000372       1747851   1747607   +244
1000373       1747853   1747609   +244
1000374       1747854   1747610   +244
1000375       1747856   1747612   +244
1000376       1747858   1747614   +244
1000377       1747860   1747616   +244
1000378       1747862   1747618   +244
1000379       1747864   1747620   +244
1000380       1747866   1747622   +244
1000381       1747868   1747624   +244
1000382       1747870   1747626   +244
1000383       1747872   1747628   +244
1000384       1747873   1747629   +244
1000385       1747876   1747632   +244
1000386       1747877   1747633   +244
1000387       1747878   1747634   +244
1000388       1747881   1747637   +244
1000389       1747883   1747639   +244
1000390       1747886   1747642   +244
1000391       1747887   1747643   +244
1000392       1747889   1747645   +244
1000393       1747891   1747647   +244
1000394       1747893   1747649   +244
1000395       1747895   1747651   +244
1000396       1747897   1747653   +244
1000397       1747898   1747654   +244
1000398       1747901   1747657   +244
1000399       1747902   1747658   +244
1000400       1747904   1747660   +244

final cumulative defect over window: 244
corrected N(1e7) = 21135877 + 244 = 21136121
