cached zeros (1e7, 3e7]: 47517736
P1.1e band scan (1e7, 1e9]: 17 candidates, per-t quad to 1e18, 200 pts, 32 workers
g              t_best    margin     def_c     resid      zeta       dev         E
10000000.2400 9999999.7400    5.2362   3.34941   0.33603   17.5382    1.0000 -0.018979  1e7
11999999.8033 12000004.8033    1.9683   3.49689   0.19593    6.8829    1.0000 -0.028068  1.2e7
14999999.8889 14999995.8889    1.4931   3.97112   0.28056    5.9295    1.0000 -0.046231  1.5e7
18000000.0807 18000003.5807    2.5906   5.00447   0.96168   12.9644    1.0000 -0.071557  1.8e7
19999999.8837 19999999.3837    1.4138   4.95207   0.69061    7.0015    1.0000 -0.094072  2e7
23999999.9546 23999995.9546    1.4568   6.28675   1.61857    9.1585    1.0000 -0.162738  2.4e7
28000000.1729 28000005.6729    1.7120  14.61462   9.57242   25.0204    1.0000 -0.323955  2.8e7
31000000.0000 31000001.5000    0.7763  18.64528  13.33985   14.4743    1.0000  2.247242  3.1e7 exp
37500000.0000 37500004.5000    0.6609  14.74309   8.90790    9.7433    1.0000  2.177938  3.75e7 exp
50000000.0000 49999996.5000    0.3665  10.85076   4.11289    3.9772    1.0000  1.453970  5e7 exp
75000000.0000 74999999.0000    0.5257  16.15446   7.90232    8.4927    1.0000  2.360945  7.5e7 exp
100000000.0000 100000000.5000    0.5384  19.69407  10.16533   10.6042    1.0000  2.656725  1e8 exp
150000000.0000 149999997.5000    0.4299  19.67543   8.00517    8.4581    1.0000  2.484359  1.5e8 exp
250000000.0000 250000000.5000    0.2822  19.93328   4.86707    5.6262    1.0000  1.981248  2.5e8 exp
400000000.0000 400000001.0000    0.4225  32.12946  13.07204   13.5758    1.0000  2.379648  4e8 exp
600000000.0000 599999998.5000    0.1260  27.22126   3.88080    3.4293    1.0000 -0.162200  6e8 exp
1000000000.0000 999999999.5000    0.0654 232.36811 202.23571   15.1864    1.0000 -2.651250  1e9 exp
