day029 S1 corrected full sweep (31 windows, 3.9e7-1e9, t^4 wire + full-horizon (G_LAST,1e30] kernel, 6 workers, 2026-09-17)

g             t_best margin_old margin_new    residf    Efull    zeta dev
3.9e+07   38999994.0306     1.2901 1128.9325    0.0002  +0.0009   0.279  1.0000 3.9e7
4e+07     39999997.0712     2.4086 1073.4508    0.0009  +0.0009   0.971  1.0000 4.0e7
4.25e+07  42499998.8769     2.0810  951.0777    0.0009  +0.0011   0.877  1.0000 4.25e7
4.4e+07   43999998.2817     2.8832  886.9917    0.0043  +0.0011   3.779  1.0000 4.4e7
4.6e+07   45999996.7655     1.8908  811.8941    0.0092  +0.0012   7.440  1.0000 4.6e7
4.8e+07   48000004.4235     4.8155  745.1857    0.0035  +0.0013   2.593  1.0000 4.8e7
5.2e+07   51999999.1717     1.9374  634.5361    0.0009  +0.0016   0.585  1.0000 5.2e7
5.6e+07   55999998.1181     0.5711  546.9994    0.0013  +0.0018   0.700  1.0000 5.6e7
6e+07     60000005.3230     2.3693  476.7909    0.0004  +0.0021   0.176  1.0000 6e7
6.4e+07   64000004.8527     0.7708  418.6824    0.0001  +0.0024   0.030  1.0000 6.4e7
6.8e+07   68000002.0039     1.6058  370.9266    0.0007  +0.0027   0.275  1.0000 6.8e7
7.2e+07   72000003.0377     3.5486  331.1798    0.0002  +0.0030   0.058  1.0000 7.2e7
7.8e+07   77999997.9043     1.5486  281.6302    0.0006  +0.0036   0.164  1.0000 7.8e7
8.4e+07   84000002.2961     0.7342  242.8301    0.0011  +0.0041   0.265  1.0000 8.4e7
9e+07     90000003.4043     2.7683  211.5021    0.0001  +0.0047   0.024  1.0000 9.0e7
9.6e+07   96000004.0958     0.7397  185.8224    0.0006  +0.0054   0.117  1.0000 9.6e7
1.05e+08  105000003.1150     1.7832  155.2747    0.0540  +0.0065   8.385  1.0000 1.05e8
1.1e+08   110000002.4096     0.4564  141.4559    0.0006  +0.0071   0.083  1.0000 1.1e8
1.2e+08   120000004.4582     1.0945  118.8172    0.0320  +0.0085   3.807  1.0000 1.2e8
1.3e+08   129999999.5756     1.3265  102.6702    0.0000  +0.0098   0.004  1.0000 1.3e8
1.4e+08   139999995.1022     0.9198   87.1992    0.0316  +0.0115   2.754  1.0000 1.4e8
1.6e+08   160000004.7567     0.6405   66.6732    0.0144  +0.0151   0.958  1.0000 1.6e8
1.8e+08   180000003.1952     0.7032   52.6007    0.0048  +0.0192   0.250  1.0000 1.8e8
2e+08     199999998.3408     1.3524   42.5399    0.1063  +0.0238   4.524  1.0000 2.0e8
2.5e+08   250000003.2739     0.5304   27.1288    0.0000  +0.0376   0.001  1.0000 2.5e8
3e+08     299999996.6628     1.0352   18.7055    0.0889  +0.0549   1.664  1.0000 3.0e8
4e+08     399999996.4071     0.5319   10.3587    0.0333  +0.1015   0.345  1.0000 4e8
5e+08     500000001.4790     0.2985    6.4885    0.1630  +0.1674   1.058  1.0000 5.0e8
6e+08     599999994.5718     0.2373    4.3777    0.2073  +0.2593   0.907  1.0000 6e8
8e+08     800000004.2760     0.3934    2.2434    0.0219  +0.5901   0.049  1.0000 8e8
1e+09     999999994.6157     0.2272    1.0816    0.6567  +2.5839   0.710  1.0000 1e9
margin_new < 1 windows: NONE
