cached zeros (1e7, 3e7]: 47517736
### re-issued P1.1e table (1e3..2.5e5), corrected tail
g                     t    zero_c     def_c     resid    margin        E
999.7916       988.2916 6.1320055 0.043736779 2.6141107e-5 140.202494 -4.1653581e-6
5000.2343     5004.7343 10.701554 0.07465757 0.0011410755 143.341848 -0.00010681338
7499.635      7487.6350 8.0457927 0.089387664 0.0019300397 90.0101008 -0.0002390849
10000.0653    9997.5653 8.7321407 0.10332583 0.0037246829 84.5107254 -0.00042623603
15000.0088   15001.5088 11.071455 0.13087254 0.010628159 84.5972309 -0.00095969186
20000.1282   19988.1282 11.571599 0.15752758 0.01975564 73.4576112 -0.0017037485
29999.71     30003.2100 9.3431881 0.2034765 0.035927298 45.9177752 -0.0038388129
50000.4068   50008.9068 11.159928 0.33463964 0.11961559 33.3490927 -0.010664883
75000.3706   75010.8706 11.073832 0.53139827 0.26884807 20.8390446 -0.023994397
99999.7009   100011.2009 16.859991  1.037242 0.73453293 16.2546356 -0.042653896
125000.3524  124993.3524 13.147224 1.2439754 0.90587007 10.5687173 -0.066624698
150000.2616  150003.2616 14.118692 1.7919801 1.4218135 7.87882176 -0.095953944
199999.7053  199995.2053 10.459304 2.3724058  1.945307 4.40873322 -0.17056919
249999.7765  250005.2765 8.9521151 3.2114967 2.7341932 2.78752121 -0.26653839

### re-issued P1.1e extension (3e5..1e6) + pin witnesses
g                     t    zero_c     def_c     resid    margin        E
299999.7205  299996.7205 9.4519952 4.9447891 4.4220952 1.91150622 -0.38379069
499999.6711  500001.6711 10.733007 21.110703 20.436311 0.508415408 -1.0661157
749999.995   749987.9950 12.241656 123.35022 122.52452 0.0992430836 -2.3986675
999999.7934  1000002.2934 14.312736 1004.6442 1003.6909 0.0142465723 -4.2644539
5000.234316   5004.7343 10.701554 0.07465757 0.0011410755 143.341847 -0.00010681338
1001.349482    988.2916 6.1129723 0.043736779 2.6141107e-5 139.767318 -4.1653581e-6

