# day038  H1  cert  3e10  FULL  workers=4  2026-09-26 17:24:13
# point  detail  (assembled  from  checkpoints;  one  row  per  straddle):
ok,7536255893.2539310455,7536255887.2836332321,7536255893.2836332321,0.9999999984,0.9999999984,0.5904493522,0.590449,1.000e+00,8.259e-04,2.198e-04,5.401e-22,1.055e-31,8.235e-04,1.508e-04,2.485e-06,6.896e-05,4.403e-21,3.680e-09,23853702387,0
audit,x=7536255893.2539310455,t=7536255887.2836332321,rem_spread_max=5.082e-21 ext_spread_max=7.271e-09 
ok,7536255893.2539310455,7536255887.7836332321,7536255893.2836332321,0.9999999985,0.9999999985,0.1381106094,0.138111,1.000e+00,8.550e-04,2.198e-04,3.238e-22,5.898e-32,8.525e-04,1.508e-04,2.485e-06,6.896e-05,5.378e-21,1.739e-11,23853702388,0
ok,7536255893.2539310455,7536255888.2836332321,7536255893.2836332321,0.9999999987,0.9999999987,1.0770307824,1.077031,1.000e+00,8.280e-04,2.198e-04,1.407e-21,4.965e-32,8.256e-04,1.508e-04,2.485e-06,6.896e-05,1.823e-21,9.623e-09,23853702391,0
ok,7536255893.2539310455,7536255888.7836332321,7536255893.2836332321,0.9999999988,0.9999999988,1.9523831910,1.952383,1.000e+00,8.269e-04,2.198e-04,2.302e-21,6.070e-32,8.245e-04,1.508e-04,2.485e-06,6.896e-05,6.536e-21,4.119e-09,23853702391,0
ok,7536255893.2539310455,7536255889.2836332321,7536255893.2836332321,0.9999999989,0.9999999989,1.6420332946,1.642033,1.000e+00,8.268e-04,2.198e-04,1.448e-21,3.174e-32,8.243e-04,1.508e-04,2.485e-06,6.896e-05,1.499e-20,8.182e-09,23853702393,0
ok,7536255893.2539310455,7536255889.7836332321,7536255893.2836332321,0.9999999991,0.9999999991,2.1490785154,2.149079,1.000e+00,8.187e-04,2.198e-04,1.662e-21,5.600e-32,8.162e-04,1.508e-04,2.485e-06,6.896e-05,1.006e-20,4.241e-10,23853702394,0
ok,7536255893.2539310455,7536255890.2836332321,7536255893.2836332321,0.9999999992,0.9999999992,0.0288646645,0.028865,1.000e+00,9.289e-04,2.198e-04,1.988e-22,2.183e-32,9.264e-04,1.508e-04,2.485e-06,6.896e-05,1.464e-20,3.804e-10,23853702396,0
ok,7536255893.2539310455,7536255890.7836332321,7536255893.2836332321,0.9999999993,0.9999999993,2.4200000207,2.420000,1.000e+00,8.178e-04,2.198e-04,1.653e-21,5.946e-33,8.153e-04,1.508e-04,2.485e-06,6.896e-05,1.290e-21,2.043e-08,23853702399,0
ok,7536255893.2539310455,7536255891.2836332321,7536255893.2836332321,0.9999999994,0.9999999994,2.6689202638,2.668920,1.000e+00,8.187e-04,2.198e-04,1.508e-21,6.314e-32,8.162e-04,1.508e-04,2.485e-06,6.896e-05,1.218e-20,7.654e-09,23853702400,0
ok,7536255893.2539310455,7536255891.7836332321,7536255893.2836332321,0.9999999996,0.9999999996,0.4691603389,0.469160,1.000e+00,8.256e-04,2.198e-04,2.930e-22,4.025e-32,8.231e-04,1.508e-04,2.485e-06,6.896e-05,4.531e-21,1.481e-09,23853702402,0
ok,7536255893.2539310455,7536255892.2836332321,7536255893.2836332321,0.9999999997,0.9999999997,0.6120367505,0.612037,1.000e+00,8.301e-04,2.198e-04,7.214e-22,1.922e-32,8.276e-04,1.508e-04,2.485e-06,6.896e-05,1.710e-21,7.220e-09,23853702403,0
ok,7536255893.2539310455,7536255892.7836332321,7536255893.2836332321,0.9999999997,0.9999999997,5.1763252266,5.176325,1.000e+00,8.187e-04,2.198e-04,4.288e-21,2.632e-32,8.162e-04,1.508e-04,2.485e-06,6.896e-05,1.860e-20,3.498e-09,23853702406,0
ok,7536255893.2539310455,7536255893.7836332321,7536255893.2836332321,1.0000000001,1.0000000001,1.7611124590,1.761112,1.000e+00,8.250e-04,2.198e-04,9.314e-22,1.308e-32,8.225e-04,1.508e-04,2.485e-06,6.896e-05,6.815e-21,2.357e-09,23853702408,0
ok,7536255893.2539310455,7536255894.2836332321,7536255893.2836332321,1.0000000003,1.0000000003,2.8781313106,2.878131,1.000e+00,8.198e-04,1.065e-01,1.641e-21,7.916e-32,8.173e-04,1.064e-01,2.485e-06,6.896e-05,1.384e-20,2.732e-09,23853702410,0
ok,7536255893.2539310455,7536255894.7836332321,7536255893.2836332321,1.0000000004,1.0000000004,5.2162222792,5.216222,1.000e+00,8.176e-04,2.198e-04,3.337e-21,4.578e-32,8.151e-04,1.508e-04,2.485e-06,6.896e-05,1.277e-20,2.017e-08,23853702412,0
ok,7536255893.2539310455,7536255895.2836332321,7536255893.2836332321,1.0000000005,1.0000000005,5.8688065447,5.868807,1.000e+00,8.174e-04,2.198e-04,3.087e-21,9.435e-32,8.149e-04,1.508e-04,2.485e-06,6.896e-05,5.847e-21,4.772e-09,23853702413,0
ok,7536255893.2539310455,7536255895.7836332321,7536255893.2836332321,1.0000000007,1.0000000007,1.9017732989,1.901773,1.000e+00,8.241e-04,2.198e-04,1.523e-21,2.450e-32,8.216e-04,1.508e-04,2.485e-06,6.896e-05,1.142e-20,5.137e-09,23853702415,0
ok,7536255893.2539310455,7536255896.2836332321,7536255893.2836332321,1.0000000008,1.0000000008,0.6708371131,0.670837,1.000e+00,8.495e-04,2.198e-04,1.649e-21,9.910e-32,8.471e-04,1.508e-04,2.485e-06,6.896e-05,2.576e-20,9.327e-10,23853702417,0
ok,7536255893.2539310455,7536255896.7836332321,7536255893.2836332321,1.0000000009,1.0000000009,0.4347844953,0.434784,1.000e+00,8.610e-04,2.198e-04,1.241e-21,4.854e-33,8.585e-04,1.508e-04,2.485e-06,6.896e-05,2.184e-20,4.891e-09,23853702418,0
ok,7536255893.2539310455,7536255897.2836332321,7536255893.2836332321,1.0000000011,1.0000000011,0.1008518811,0.100852,1.000e+00,8.477e-04,2.198e-04,1.963e-22,1.605e-32,8.452e-04,1.508e-04,2.485e-06,6.896e-05,2.359e-21,8.819e-09,23853702419,0
ok,7536255893.2539310455,7536255897.7836332321,7536255893.2836332321,1.0000000012,1.0000000012,0.2827202138,0.282720,1.000e+00,8.235e-04,2.198e-04,2.102e-22,5.080e-32,8.211e-04,1.508e-04,2.485e-06,6.896e-05,7.395e-21,6.157e-09,23853702421,0
ok,7536255893.2539310455,7536255898.2836332321,7536255893.2836332321,1.0000000013,1.0000000013,0.8659377929,0.865938,1.000e+00,8.193e-04,2.198e-04,5.913e-22,4.609e-32,8.168e-04,1.508e-04,2.485e-06,6.896e-05,1.617e-21,7.954e-09,23853702424,0
ok,7536255893.2539310455,7536255898.7836332321,7536255893.2836332321,1.0000000015,1.0000000015,1.4333979227,1.433398,1.000e+00,8.189e-04,2.198e-04,7.634e-22,9.294e-33,8.164e-04,1.508e-04,2.485e-06,6.896e-05,2.658e-20,4.173e-09,23853702425,0
ok,7536255893.2539310455,7536255899.2836332321,7536255893.2836332321,1.0000000016,1.0000000016,1.7195717682,1.719572,1.000e+00,8.206e-04,2.198e-04,9.125e-22,1.197e-31,8.181e-04,1.508e-04,2.485e-06,6.896e-05,1.918e-20,6.719e-09,23853702427,0
ok,13949083705.2385749817,13949083699.2427463531,13949083705.2427463531,0.9999999991,0.9999999991,1.7844158919,1.784416,1.000e+00,1.435e-03,4.081e-04,2.475e-20,7.529e-32,1.432e-03,2.805e-04,2.687e-06,1.276e-04,1.744e-20,4.507e-09,45536392253,0
audit,x=13949083705.2385749817,t=13949083699.2427463531,rem_spread_max=1.744e-20 ext_spread_max=1.241e-08 
ok,13949083705.2385749817,13949083699.7427463531,13949083705.2427463531,0.9999999992,0.9999999992,0.7423694103,0.742369,1.000e+00,1.451e-03,4.081e-04,7.368e-21,4.307e-32,1.449e-03,2.805e-04,2.687e-06,1.276e-04,1.741e-22,1.107e-08,45536392254,0
ok,13949083705.2385749817,13949083700.2427463531,13949083705.2427463531,0.9999999993,0.9999999993,1.6633298169,1.663330,1.000e+00,1.440e-03,4.081e-04,2.032e-20,1.829e-32,1.438e-03,2.805e-04,2.687e-06,1.276e-04,3.871e-21,2.062e-08,45536392256,0
ok,13949083705.2385749817,13949083700.7427463531,13949083705.2427463531,0.9999999993,0.9999999993,0.4265040442,0.426504,1.000e+00,1.523e-03,4.081e-04,2.379e-20,5.124e-32,1.521e-03,2.805e-04,2.687e-06,1.276e-04,1.024e-20,2.227e-09,45536392258,0
ok,13949083705.2385749817,13949083701.2427463531,13949083705.2427463531,0.9999999994,0.9999999994,6.8297287808,6.829729,1.000e+00,1.427e-03,4.081e-04,6.083e-20,2.019e-32,1.424e-03,2.805e-04,2.687e-06,1.276e-04,7.139e-21,5.135e-10,45536392259,0
ok,13949083705.2385749817,13949083701.7427463531,13949083705.2427463531,0.9999999995,0.9999999995,8.6330919373,8.633092,1.000e+00,1.426e-03,4.081e-04,8.091e-20,5.489e-32,1.424e-03,2.805e-04,2.687e-06,1.276e-04,3.085e-21,4.332e-09,45536392261,0
ok,13949083705.2385749817,13949083702.2427463531,13949083705.2427463531,0.9999999996,0.9999999996,5.4375418934,5.437542,1.000e+00,1.432e-03,4.081e-04,5.657e-20,1.223e-31,1.429e-03,2.805e-04,2.687e-06,1.276e-04,1.619e-21,1.660e-08,45536392262,0
ok,13949083705.2385749817,13949083702.7427463531,13949083705.2427463531,0.9999999996,0.9999999996,3.7779514564,3.777951,1.000e+00,1.431e-03,4.081e-04,3.602e-20,1.185e-31,1.429e-03,2.805e-04,2.687e-06,1.276e-04,6.190e-21,9.000e-09,45536392264,0
ok,13949083705.2385749817,13949083703.2427463531,13949083705.2427463531,0.9999999997,0.9999999997,0.3838535501,0.383854,1.000e+00,1.470e-03,4.081e-04,9.119e-21,5.386e-32,1.467e-03,2.805e-04,2.687e-06,1.276e-04,1.121e-20,4.105e-09,45536392266,0
ok,13949083705.2385749817,13949083703.7427463531,13949083705.2427463531,0.9999999998,0.9999999998,2.5196669851,2.519667,1.000e+00,1.437e-03,4.081e-04,3.640e-20,1.093e-31,1.434e-03,2.805e-04,2.687e-06,1.276e-04,4.662e-21,1.697e-09,45536392268,0
ok,13949083705.2385749817,13949083704.2427463531,13949083705.2427463531,0.9999999998,0.9999999998,2.4001254265,2.400125,1.000e+00,1.434e-03,4.081e-04,2.292e-20,3.951e-32,1.431e-03,2.805e-04,2.687e-06,1.276e-04,9.551e-21,9.320e-09,45536392269,0
ok,13949083705.2385749817,13949083704.7427463531,13949083705.2427463531,0.9999999999,0.9999999999,0.3992213493,0.399221,1.000e+00,1.450e-03,4.081e-04,4.927e-21,2.386e-33,1.448e-03,2.805e-04,2.687e-06,1.276e-04,1.666e-20,6.628e-09,45536392271,0
ok,13949083705.2385749817,13949083705.7427463531,13949083705.2427463531,1.0000000001,1.0000000001,0.6803352124,0.680335,1.000e+00,1.437e-03,4.081e-04,7.166e-21,1.051e-31,1.434e-03,2.805e-04,2.687e-06,1.276e-04,2.912e-21,2.823e-09,45536392274,0
ok,13949083705.2385749817,13949083706.2427463531,13949083705.2427463531,1.0000000001,1.0000000001,1.1432733011,1.143273,1.000e+00,1.432e-03,4.081e-04,1.084e-20,2.145e-32,1.429e-03,2.805e-04,2.687e-06,1.276e-04,4.277e-21,1.461e-08,45536392276,0
ok,13949083705.2385749817,13949083706.7427463531,13949083705.2427463531,1.0000000002,1.0000000002,0.5383963830,0.538396,1.000e+00,1.439e-03,4.081e-04,4.963e-21,1.152e-31,1.436e-03,2.805e-04,2.687e-06,1.276e-04,2.478e-21,3.865e-09,45536392278,0
ok,13949083705.2385749817,13949083707.2427463531,13949083705.2427463531,1.0000000003,1.0000000003,0.5050310266,0.505031,1.000e+00,1.440e-03,4.081e-04,4.435e-21,1.670e-31,1.437e-03,2.805e-04,2.687e-06,1.276e-04,1.100e-21,8.186e-09,45536392280,0
ok,13949083705.2385749817,13949083707.7427463531,13949083705.2427463531,1.0000000004,1.0000000004,1.7548039150,1.754804,1.000e+00,1.438e-03,4.081e-04,1.543e-20,9.633e-32,1.435e-03,2.805e-04,2.687e-06,1.276e-04,4.229e-22,3.964e-09,45536392282,0
ok,13949083705.2385749817,13949083708.2427463531,13949083705.2427463531,1.0000000004,1.0000000004,11.0431090340,11.043109,1.000e+00,1.426e-03,4.081e-04,1.113e-19,1.391e-31,1.424e-03,2.805e-04,2.687e-06,1.276e-04,5.535e-21,7.980e-09,45536392283,0
ok,13949083705.2385749817,13949083708.7427463531,13949083705.2427463531,1.0000000005,1.0000000005,0.6462608845,0.646261,1.000e+00,1.501e-03,4.081e-04,3.054e-20,5.427e-32,1.499e-03,2.805e-04,2.687e-06,1.276e-04,5.952e-21,9.135e-09,45536392284,0
ok,13949083705.2385749817,13949083709.2427463531,13949083705.2427463531,1.0000000006,1.0000000006,4.6059530108,4.605953,1.000e+00,1.434e-03,4.081e-04,5.606e-20,3.169e-32,1.431e-03,2.805e-04,2.687e-06,1.276e-04,6.940e-21,1.526e-09,45536392286,0
ok,13949083705.2385749817,13949083709.7427463531,13949083705.2427463531,1.0000000006,1.0000000006,1.5357367832,1.535737,1.000e+00,1.456e-03,4.081e-04,2.527e-20,3.980e-32,1.453e-03,2.805e-04,2.687e-06,1.276e-04,6.989e-21,3.422e-09,45536392288,0
ok,13949083705.2385749817,13949083710.2427463531,13949083705.2427463531,1.0000000007,1.0000000007,4.1312148460,4.131215,1.000e+00,1.433e-03,4.081e-04,5.596e-20,1.003e-31,1.430e-03,2.805e-04,2.687e-06,1.276e-04,2.186e-21,1.200e-09,45536392289,0
ok,13949083705.2385749817,13949083710.7427463531,13949083705.2427463531,1.0000000008,1.0000000008,0.2154290922,0.215429,1.000e+00,1.537e-03,4.081e-04,1.292e-20,1.310e-31,1.534e-03,2.805e-04,2.687e-06,1.276e-04,1.193e-20,2.001e-08,45536392291,0
ok,13949083705.2385749817,13949083711.2427463531,13949083705.2427463531,1.0000000009,1.0000000009,1.1045307941,1.104531,1.000e+00,1.439e-03,1.574e+00,1.133e-20,1.671e-31,1.436e-03,1.573e+00,2.687e-06,1.276e-04,3.351e-21,6.055e-09,45536392293,0
ok,15065010401.6576614380,15065010395.7705249786,15065010401.7705249786,0.9999999992,0.9999999992,1.2915927239,1.291593,1.000e+00,1.546e-03,4.404e-04,1.407e-20,2.310e-33,1.543e-03,3.026e-04,2.712e-06,1.379e-04,6.122e-21,9.562e-09,49365521771,0
audit,x=15065010401.6576614380,t=15065010395.7705249786,rem_spread_max=9.510e-21 ext_spread_max=1.345e-08 
ok,15065010401.6576614380,15065010396.2705249786,15065010401.7705249786,nan,nan,nan,1.387475,1.000e+00,nan,nan,1.576e-20,3.942e-32,nan,nan,2.712e-06,1.379e-04,5.978e-21,5.571e-09,49365521772,0
ok,15065010401.6576614380,15065010396.7705249786,15065010401.7705249786,0.9999999993,0.9999999993,1.1724351611,1.172435,1.000e+00,1.539e-03,4.404e-04,1.227e-20,2.163e-32,1.536e-03,3.026e-04,2.712e-06,1.379e-04,7.354e-21,1.789e-09,49365521774,0
ok,15065010401.6576614380,15065010397.2705249786,15065010401.7705249786,0.9999999994,0.9999999994,0.2121745704,0.212175,1.000e+00,1.588e-03,2.128e-01,4.890e-21,4.537e-32,1.585e-03,2.127e-01,2.712e-06,1.379e-04,1.795e-21,2.178e-09,49365521776,0
ok,15065010401.6576614380,15065010397.7705249786,15065010401.7705249786,0.9999999995,0.9999999995,5.7962846571,5.796285,1.000e+00,1.524e-03,4.404e-04,4.125e-20,4.753e-32,1.521e-03,3.026e-04,2.712e-06,1.379e-04,4.725e-21,1.714e-08,49365521778,0
ok,15065010401.6576614380,15065010398.2705249786,15065010401.7705249786,0.9999999995,0.9999999995,0.5028189243,0.502819,1.000e+00,1.670e-03,4.404e-04,3.113e-20,3.939e-32,1.667e-03,3.026e-04,2.712e-06,1.379e-04,3.224e-21,2.178e-08,49365521780,0
ok,15065010401.6576614380,15065010398.7705249786,15065010401.7705249786,0.9999999996,0.9999999996,5.0113379025,5.011338,1.000e+00,1.525e-03,4.404e-04,3.567e-20,3.998e-32,1.523e-03,3.026e-04,2.712e-06,1.379e-04,1.108e-20,3.147e-09,49365521781,0
ok,15065010401.6576614380,15065010399.2705249786,15065010401.7705249786,0.9999999997,0.9999999997,1.5686502910,1.568650,1.000e+00,1.533e-03,4.404e-04,1.360e-20,1.563e-32,1.530e-03,3.026e-04,2.712e-06,1.379e-04,2.521e-21,5.580e-09,49365521783,0
ok,15065010401.6576614380,15065010399.7705249786,15065010401.7705249786,0.9999999997,0.9999999997,0.2768225519,0.276823,1.000e+00,1.557e-03,4.404e-04,3.530e-21,3.783e-32,1.555e-03,3.026e-04,2.712e-06,1.379e-04,6.980e-21,2.463e-08,49365521785,0
ok,15065010401.6576614380,15065010400.2705249786,15065010401.7705249786,0.9999999998,0.9999999998,1.5970920940,1.597092,1.000e+00,1.534e-03,4.404e-04,1.595e-20,3.591e-32,1.531e-03,3.026e-04,2.712e-06,1.379e-04,1.118e-21,2.340e-09,49365521786,0
ok,15065010401.6576614380,15065010400.7705249786,15065010401.7705249786,0.9999999998,0.9999999998,1.5950519022,1.595052,1.000e+00,1.531e-03,4.404e-04,1.180e-20,4.131e-32,1.528e-03,3.026e-04,2.712e-06,1.379e-04,1.307e-21,1.236e-09,49365521788,0
ok,15065010401.6576614380,15065010401.2705249786,15065010401.7705249786,nan,nan,nan,0.083707,1.000e+00,nan,nan,4.420e-21,4.455e-32,nan,nan,2.712e-06,1.379e-04,1.213e-20,3.941e-09,49365521789,0
ok,15065010401.6576614380,15065010402.2705249786,15065010401.7705249786,1.0000000001,1.0000000001,0.7181924671,0.718192,1.000e+00,1.542e-03,4.260e-01,7.418e-21,3.262e-32,1.539e-03,4.259e-01,2.712e-06,1.379e-04,1.265e-20,9.246e-09,49365521794,0
ok,15065010401.6576614380,15065010402.7705249786,15065010401.7705249786,nan,nan,nan,3.873422,1.000e+00,nan,nan,2.988e-20,4.844e-32,nan,nan,2.712e-06,1.379e-04,1.117e-20,4.169e-09,49365521795,0
ok,15065010401.6576614380,15065010403.2705249786,15065010401.7705249786,1.0000000002,1.0000000002,0.5766759547,0.576676,1.000e+00,1.561e-03,4.404e-04,7.089e-21,2.966e-32,1.558e-03,3.026e-04,2.712e-06,1.379e-04,3.939e-21,2.472e-09,49365521797,0
ok,15065010401.6576614380,15065010403.7705249786,15065010401.7705249786,1.0000000003,1.0000000003,1.1270838495,1.127084,1.000e+00,1.549e-03,1.479e+00,1.869e-20,1.415e-32,1.547e-03,1.479e+00,2.712e-06,1.379e-04,2.985e-21,1.536e-08,49365521798,0
ok,15065010401.6576614380,15065010404.2705249786,15065010401.7705249786,1.0000000003,1.0000000003,5.3297811304,5.329781,1.000e+00,1.529e-03,2.124e-01,5.153e-20,5.361e-32,1.526e-03,2.123e-01,2.712e-06,1.379e-04,3.533e-21,1.361e-08,49365521801,0
ok,15065010401.6576614380,15065010404.7705249786,15065010401.7705249786,1.0000000004,1.0000000004,3.3181819999,3.318182,1.000e+00,1.541e-03,1.800e-01,2.610e-20,9.407e-32,1.538e-03,1.799e-01,2.712e-06,1.379e-04,1.154e-20,1.782e-09,49365521802,0
ok,15065010401.6576614380,15065010405.2705249786,15065010401.7705249786,1.0000000005,1.0000000005,15.0390173429,15.039017,1.000e+00,1.526e-03,4.404e-04,1.432e-19,9.589e-32,1.524e-03,3.026e-04,2.712e-06,1.379e-04,1.125e-20,2.383e-09,49365521804,0
ok,15065010401.6576614380,15065010405.7705249786,15065010401.7705249786,1.0000000005,1.0000000005,3.1207505875,3.120751,1.000e+00,1.550e-03,8.499e-01,4.103e-20,7.242e-32,1.548e-03,8.498e-01,2.712e-06,1.379e-04,5.637e-21,1.466e-08,49365521805,0
ok,15065010401.6576614380,15065010406.2705249786,15065010401.7705249786,1.0000000006,1.0000000006,0.8753546591,0.875355,1.000e+00,1.549e-03,2.124e-01,1.119e-20,8.194e-32,1.546e-03,2.123e-01,2.712e-06,1.379e-04,2.424e-20,7.744e-09,49365521807,0
ok,15065010401.6576614380,15065010406.7705249786,15065010401.7705249786,1.0000000007,1.0000000007,1.4371249950,1.437125,1.000e+00,1.536e-03,4.404e-04,1.507e-20,9.979e-32,1.533e-03,3.026e-04,2.712e-06,1.379e-04,1.248e-20,6.284e-09,49365521809,0
ok,15065010401.6576614380,15065010407.2705249786,15065010401.7705249786,1.0000000007,1.0000000007,0.4983106728,0.498311,1.000e+00,1.553e-03,4.404e-04,8.566e-21,6.009e-32,1.551e-03,3.026e-04,2.712e-06,1.379e-04,2.313e-21,1.115e-08,49365521811,0
ok,15065010401.6576614380,15065010407.7705249786,15065010401.7705249786,1.0000000008,1.0000000008,2.6963445479,2.696345,1.000e+00,1.526e-03,4.404e-04,1.929e-20,3.073e-32,1.523e-03,3.026e-04,2.712e-06,1.379e-04,2.446e-20,1.352e-08,49365521812,0
ok,16270211233.7902755737,16270211227.6824645996,16270211233.6824645996,0.9999999993,0.9999999993,0.2788652796,0.278865,1.000e+00,1.662e-03,4.751e-04,4.580e-21,4.807e-32,1.660e-03,3.262e-04,2.738e-06,1.489e-04,3.093e-21,2.237e-08,53515743829,0
audit,x=16270211233.7902755737,t=16270211227.6824645996,rem_spread_max=3.093e-21 ext_spread_max=2.237e-08 
ok,16270211233.7902755737,16270211228.1824645996,16270211233.6824645996,0.9999999993,0.9999999993,0.1243110844,0.124311,1.000e+00,1.716e-03,2.294e-01,4.007e-21,9.441e-32,1.713e-03,2.292e-01,2.738e-06,1.489e-04,1.732e-21,8.514e-09,53515743832,0
ok,16270211233.7902755737,16270211228.6824645996,16270211233.6824645996,0.9999999994,0.9999999994,0.1803097907,0.180310,1.000e+00,1.748e-03,4.751e-04,8.416e-21,4.559e-32,1.746e-03,3.262e-04,2.738e-06,1.489e-04,1.813e-21,3.252e-09,53515743834,0
ok,16270211233.7902755737,16270211229.1824645996,16270211233.6824645996,0.9999999994,0.9999999994,0.9835173016,0.983517,1.000e+00,1.639e-03,4.751e-04,6.931e-21,1.904e-32,1.636e-03,3.262e-04,2.738e-06,1.489e-04,5.504e-21,7.837e-09,53515743835,0
ok,16270211233.7902755737,16270211229.6824645996,16270211233.6824645996,0.9999999995,0.9999999995,0.8772393336,0.877239,1.000e+00,1.640e-03,4.751e-04,6.701e-21,3.653e-32,1.637e-03,3.262e-04,2.738e-06,1.489e-04,1.422e-21,9.991e-09,53515743837,0
ok,16270211233.7902755737,16270211230.1824645996,16270211233.6824645996,0.9999999996,0.9999999996,2.3468130833,2.346813,1.000e+00,1.630e-03,4.751e-04,1.763e-20,8.359e-33,1.627e-03,3.262e-04,2.738e-06,1.489e-04,2.562e-20,8.017e-09,53515743839,0
ok,16270211233.7902755737,16270211230.6824645996,16270211233.6824645996,0.9999999996,0.9999999996,2.2598583873,2.259858,1.000e+00,1.630e-03,4.751e-04,1.708e-20,9.595e-33,1.627e-03,3.262e-04,2.738e-06,1.489e-04,9.522e-21,6.894e-09,53515743840,0
ok,16270211233.7902755737,16270211231.1824645996,16270211233.6824645996,0.9999999997,0.9999999997,0.6421175292,0.642118,1.000e+00,1.646e-03,4.751e-04,5.926e-21,8.565e-32,1.643e-03,3.262e-04,2.738e-06,1.489e-04,8.673e-21,2.327e-09,53515743842,0
ok,16270211233.7902755737,16270211231.6824645996,16270211233.6824645996,0.9999999997,0.9999999997,1.2135198370,1.213520,1.000e+00,1.661e-03,4.751e-04,2.358e-20,1.138e-32,1.658e-03,3.262e-04,2.738e-06,1.489e-04,1.172e-20,1.039e-08,53515743845,0
ok,16270211233.7902755737,16270211232.1824645996,16270211233.6824645996,0.9999999998,0.9999999998,5.2286266371,5.228627,1.000e+00,1.642e-03,4.751e-04,5.536e-20,2.130e-32,1.640e-03,3.262e-04,2.738e-06,1.489e-04,1.903e-20,8.745e-09,53515743846,0
ok,16270211233.7902755737,16270211232.6824645996,16270211233.6824645996,0.9999999998,0.9999999998,6.5045296817,6.504530,1.000e+00,1.648e-03,4.751e-04,7.880e-20,6.644e-33,1.646e-03,3.262e-04,2.738e-06,1.489e-04,9.677e-21,1.173e-08,53515743847,0
ok,16270211233.7902755737,16270211233.1824645996,16270211233.6824645996,0.9999999999,0.9999999999,11.0124027676,11.012403,1.000e+00,1.629e-03,4.751e-04,1.065e-19,7.519e-32,1.626e-03,3.262e-04,2.738e-06,1.489e-04,5.130e-21,2.275e-08,53515743848,0
ok,16270211233.7902755737,16270211234.1824645996,16270211233.6824645996,1.0000000001,1.0000000001,1.6844452909,1.684445,1.000e+00,1.644e-03,4.751e-04,1.332e-20,1.273e-31,1.642e-03,3.262e-04,2.738e-06,1.489e-04,6.607e-21,2.884e-09,53515743852,0
ok,16270211233.7902755737,16270211234.6824645996,16270211233.6824645996,1.0000000001,1.0000000001,0.6050751311,0.605075,1.000e+00,1.660e-03,4.751e-04,1.054e-20,8.710e-32,1.658e-03,3.262e-04,2.738e-06,1.489e-04,1.019e-20,6.400e-09,53515743853,0
ok,16270211233.7902755737,16270211235.1824645996,16270211233.6824645996,1.0000000002,1.0000000002,0.5368564854,0.536856,1.000e+00,1.646e-03,4.751e-04,6.203e-21,1.294e-32,1.644e-03,3.262e-04,2.738e-06,1.489e-04,2.308e-20,6.482e-10,53515743855,0
ok,16270211233.7902755737,16270211235.6824645996,16270211233.6824645996,1.0000000002,1.0000000002,0.0741551630,0.074155,1.000e+00,1.730e-03,4.751e-04,2.762e-21,1.427e-32,1.728e-03,3.262e-04,2.738e-06,1.489e-04,6.759e-21,4.593e-10,53515743858,0
ok,16270211233.7902755737,16270211236.1824645996,16270211233.6824645996,1.0000000003,1.0000000003,0.0425598381,0.042560,1.000e+00,2.101e-03,4.751e-04,7.087e-21,5.848e-32,2.098e-03,3.262e-04,2.738e-06,1.489e-04,4.148e-21,1.841e-08,53515743859,0
ok,16270211233.7902755737,16270211236.6824645996,16270211233.6824645996,1.0000000004,1.0000000004,0.3792271011,0.379227,1.000e+00,1.697e-03,4.751e-04,9.263e-21,4.397e-32,1.694e-03,3.262e-04,2.738e-06,1.489e-04,1.054e-20,1.435e-08,53515743861,0
ok,16270211233.7902755737,16270211237.1824645996,16270211233.6824645996,1.0000000004,1.0000000004,11.2759640705,11.275964,1.000e+00,1.622e-03,4.751e-04,8.325e-20,5.918e-32,1.620e-03,3.262e-04,2.738e-06,1.489e-04,1.032e-21,1.870e-09,53515743863,0
ok,16270211233.7902755737,16270211237.6824645996,16270211233.6824645996,1.0000000005,1.0000000005,0.5043615060,0.504362,1.000e+00,1.671e-03,4.751e-04,3.798e-21,6.400e-32,1.668e-03,3.262e-04,2.738e-06,1.489e-04,4.898e-21,5.793e-09,53515743864,0
ok,16270211233.7902755737,16270211238.1824645996,16270211233.6824645996,1.0000000006,1.0000000006,0.4985282070,0.498528,1.000e+00,1.656e-03,4.751e-04,5.488e-21,2.962e-32,1.654e-03,3.262e-04,2.738e-06,1.489e-04,9.573e-21,2.638e-10,53515743866,0
ok,16270211233.7902755737,16270211238.6824645996,16270211233.6824645996,1.0000000006,1.0000000006,0.7801884758,0.780188,1.000e+00,1.637e-03,4.751e-04,5.303e-21,3.781e-32,1.635e-03,3.262e-04,2.738e-06,1.489e-04,7.220e-21,6.856e-11,53515743868,0
ok,16270211233.7902755737,16270211239.1824645996,16270211233.6824645996,1.0000000007,1.0000000007,1.6083466539,1.608347,1.000e+00,1.635e-03,4.751e-04,1.186e-20,2.288e-32,1.632e-03,3.262e-04,2.738e-06,1.489e-04,1.032e-20,5.235e-09,53515743870,0
ok,16270211233.7902755737,16270211239.6824645996,16270211233.6824645996,1.0000000007,1.0000000007,2.3350504032,2.335050,1.000e+00,1.637e-03,4.751e-04,2.231e-20,3.938e-32,1.634e-03,3.262e-04,2.738e-06,1.489e-04,5.802e-21,1.820e-08,53515743871,0
ok,17571828132.4934997559,17571828126.5485572815,17571828132.5485572815,0.9999999993,0.9999999993,0.4621414405,0.462141,1.000e+00,1.750e-03,5.123e-04,1.693e-21,5.002e-32,1.747e-03,3.515e-04,2.763e-06,1.608e-04,2.308e-21,9.025e-10,58013926809,0
audit,x=17571828132.4934997559,t=17571828126.5485572815,rem_spread_max=2.308e-21 ext_spread_max=2.404e-09 
ok,17571828132.4934997559,17571828127.0485572815,17571828132.5485572815,0.9999999994,0.9999999994,0.4978149807,0.497815,1.000e+00,1.753e-03,2.482e-01,1.932e-21,1.122e-31,1.751e-03,2.481e-01,2.763e-06,1.608e-04,8.933e-21,5.048e-09,58013926811,0
ok,17571828132.4934997559,17571828127.5485572815,17571828132.5485572815,0.9999999994,0.9999999994,0.2129624179,0.212962,1.000e+00,1.861e-03,5.123e-04,4.656e-21,8.545e-32,1.858e-03,3.515e-04,2.763e-06,1.608e-04,2.438e-21,6.635e-09,58013926812,0
ok,17571828132.4934997559,17571828128.0485572815,17571828132.5485572815,0.9999999995,0.9999999995,0.3161926797,0.316193,1.000e+00,1.790e-03,5.123e-04,2.949e-21,7.133e-33,1.787e-03,3.515e-04,2.763e-06,1.608e-04,1.240e-21,1.570e-08,58013926814,0
ok,17571828132.4934997559,17571828128.5485572815,17571828132.5485572815,0.9999999995,0.9999999995,0.1947228381,0.194723,1.000e+00,1.873e-03,2.482e-01,4.091e-21,3.169e-32,1.870e-03,2.481e-01,2.763e-06,1.608e-04,1.264e-21,8.958e-09,58013926816,0
ok,17571828132.4934997559,17571828129.0485572815,17571828132.5485572815,0.9999999996,0.9999999996,0.6478625970,0.647863,1.000e+00,1.781e-03,5.123e-04,6.890e-21,7.787e-32,1.778e-03,3.515e-04,2.763e-06,1.608e-04,5.213e-21,1.465e-08,58013926817,0
ok,17571828132.4934997559,17571828129.5485572815,17571828132.5485572815,0.9999999996,0.9999999996,3.7541673775,3.754167,1.000e+00,1.741e-03,5.123e-04,1.904e-20,1.029e-32,1.738e-03,3.515e-04,2.763e-06,1.608e-04,2.236e-21,6.330e-09,58013926820,0
ok,17571828132.4934997559,17571828130.0485572815,17571828132.5485572815,0.9999999997,0.9999999997,0.3898391991,0.389839,1.000e+00,1.831e-03,5.123e-04,7.374e-21,7.824e-32,1.828e-03,3.515e-04,2.763e-06,1.608e-04,1.174e-20,7.115e-09,58013926820,0
ok,17571828132.4934997559,17571828130.5485572815,17571828132.5485572815,0.9999999998,0.9999999998,0.1379414856,0.137941,1.000e+00,1.782e-03,5.123e-04,8.727e-22,8.504e-33,1.780e-03,3.515e-04,2.763e-06,1.608e-04,6.905e-21,5.333e-09,58013926823,0
ok,17571828132.4934997559,17571828131.0485572815,17571828132.5485572815,0.9999999998,0.9999999998,3.2195257992,3.219526,1.000e+00,1.733e-03,5.123e-04,1.080e-20,6.828e-33,1.730e-03,3.515e-04,2.763e-06,1.608e-04,1.944e-20,1.625e-10,58013926825,0
ok,17571828132.4934997559,17571828131.5485572815,17571828132.5485572815,0.9999999999,0.9999999999,1.5875077609,1.587508,1.000e+00,1.753e-03,5.123e-04,9.556e-21,2.376e-32,1.751e-03,3.515e-04,2.763e-06,1.608e-04,1.809e-20,7.336e-09,58013926827,0
ok,17571828132.4934997559,17571828132.0485572815,17571828132.5485572815,0.9999999999,0.9999999999,0.6891708493,0.689171,1.000e+00,1.788e-03,5.123e-04,5.920e-21,1.705e-32,1.786e-03,3.515e-04,2.763e-06,1.608e-04,8.379e-21,1.677e-09,58013926828,0
ok,17571828132.4934997559,17571828133.0485572815,17571828132.5485572815,1.0000000001,1.0000000001,0.3941296350,0.394130,1.000e+00,1.886e-03,5.123e-04,9.944e-21,9.140e-32,1.884e-03,3.515e-04,2.763e-06,1.608e-04,1.451e-20,1.038e-08,58013926832,0
ok,17571828132.4934997559,17571828133.5485572815,17571828132.5485572815,1.0000000001,1.0000000001,2.3033564746,2.303356,1.000e+00,1.753e-03,5.123e-04,1.213e-20,3.285e-33,1.750e-03,3.515e-04,2.763e-06,1.608e-04,7.809e-22,2.080e-08,58013926833,0
ok,17571828132.4934997559,17571828134.0485572815,17571828132.5485572815,1.0000000002,1.0000000002,3.0661561728,3.066156,1.000e+00,1.742e-03,5.123e-04,1.034e-20,2.988e-32,1.739e-03,3.515e-04,2.763e-06,1.608e-04,1.223e-20,1.062e-08,58013926835,0
ok,17571828132.4934997559,17571828134.5485572815,17571828132.5485572815,1.0000000002,1.0000000002,7.7567337736,7.756734,1.000e+00,1.732e-03,5.123e-04,2.861e-20,1.374e-32,1.730e-03,3.515e-04,2.763e-06,1.608e-04,1.036e-20,4.768e-09,58013926837,0
ok,17571828132.4934997559,17571828135.0485572815,17571828132.5485572815,1.0000000003,1.0000000003,2.5501415413,2.550142,1.000e+00,1.746e-03,5.123e-04,9.976e-21,1.206e-31,1.743e-03,3.515e-04,2.763e-06,1.608e-04,7.543e-21,1.556e-09,58013926838,0
ok,17571828132.4934997559,17571828135.5485572815,17571828132.5485572815,1.0000000003,1.0000000003,4.6902755151,4.690276,1.000e+00,1.734e-03,5.123e-04,1.558e-20,5.451e-32,1.731e-03,3.515e-04,2.763e-06,1.608e-04,1.004e-20,1.111e-08,58013926840,0
ok,17571828132.4934997559,17571828136.0485572815,17571828132.5485572815,1.0000000004,1.0000000004,1.5145603131,1.514560,1.000e+00,1.748e-03,5.123e-04,6.476e-21,1.038e-31,1.746e-03,3.515e-04,2.763e-06,1.608e-04,5.889e-22,1.112e-08,58013926842,0
ok,17571828132.4934997559,17571828136.5485572815,17571828132.5485572815,1.0000000005,1.0000000005,2.4426293934,2.442629,1.000e+00,1.740e-03,5.123e-04,1.027e-20,1.142e-31,1.737e-03,3.515e-04,2.763e-06,1.608e-04,1.208e-20,6.646e-09,58013926843,0
ok,17571828132.4934997559,17571828137.0485572815,17571828132.5485572815,1.0000000005,1.0000000005,0.2067130947,0.206713,1.000e+00,1.795e-03,5.123e-04,1.749e-21,1.259e-31,1.793e-03,3.515e-04,2.763e-06,1.608e-04,2.080e-21,1.909e-08,58013926845,0
ok,17571828132.4934997559,17571828137.5485572815,17571828132.5485572815,1.0000000006,1.0000000006,1.4369455625,1.436946,1.000e+00,1.741e-03,5.123e-04,4.755e-21,1.098e-31,1.738e-03,3.515e-04,2.763e-06,1.608e-04,8.427e-21,1.892e-08,58013926847,0
ok,17571828132.4934997559,17571828138.0485572815,17571828132.5485572815,1.0000000006,1.0000000006,0.0235285511,0.023529,1.000e+00,2.689e-03,5.123e-04,3.556e-21,4.758e-32,2.686e-03,3.515e-04,2.763e-06,1.608e-04,6.532e-21,4.662e-10,58013926848,0
ok,17571828132.4934997559,17571828138.5485572815,17571828132.5485572815,1.0000000007,1.0000000007,0.7119502278,0.711950,1.000e+00,1.744e-03,5.123e-04,3.209e-21,1.242e-31,1.741e-03,3.515e-04,2.763e-06,1.608e-04,4.552e-21,5.594e-09,58013926851,0
ok,18977574383.0929794312,18977574377.0827903748,18977574383.0827903748,0.9999999994,0.9999999994,1.9486031601,1.948603,1.000e+00,1.862e-03,5.522e-04,2.950e-20,2.760e-32,1.859e-03,3.785e-04,2.788e-06,1.737e-04,1.964e-21,7.459e-09,62889183032,0
audit,x=18977574383.0929794312,t=18977574377.0827903748,rem_spread_max=8.740e-21 ext_spread_max=2.058e-08 
ok,18977574383.0929794312,18977574377.5827903748,18977574383.0827903748,0.9999999994,0.9999999994,4.9691924822,4.969192,1.000e+00,1.845e-03,5.522e-04,7.257e-20,4.665e-32,1.842e-03,3.785e-04,2.788e-06,1.737e-04,8.665e-21,5.712e-09,62889183034,0
ok,18977574383.0929794312,18977574378.0827903748,18977574383.0827903748,0.9999999995,0.9999999995,2.6642130828,2.664213,1.000e+00,1.862e-03,5.522e-04,6.163e-20,4.401e-32,1.859e-03,3.785e-04,2.788e-06,1.737e-04,2.839e-20,1.021e-08,62889183036,0
ok,18977574383.0929794312,18977574378.5827903748,18977574383.0827903748,0.9999999995,0.9999999995,10.7982643450,10.798264,1.000e+00,1.839e-03,5.522e-04,1.540e-19,6.025e-32,1.836e-03,3.785e-04,2.788e-06,1.737e-04,5.354e-21,4.583e-09,62889183037,0
ok,18977574383.0929794312,18977574379.0827903748,18977574383.0827903748,0.9999999996,0.9999999996,0.6322101761,0.632210,1.000e+00,1.916e-03,5.522e-04,3.549e-20,2.165e-32,1.913e-03,3.785e-04,2.788e-06,1.737e-04,2.031e-21,5.644e-09,62889183038,0
ok,18977574383.0929794312,18977574379.5827903748,18977574383.0827903748,0.9999999996,0.9999999996,0.4580565092,0.458057,1.000e+00,1.877e-03,5.522e-04,1.293e-20,6.913e-32,1.874e-03,3.785e-04,2.788e-06,1.737e-04,6.606e-21,5.833e-10,62889183041,0
ok,18977574383.0929794312,18977574380.0827903748,18977574383.0827903748,0.9999999997,0.9999999997,0.7342757366,0.734276,1.000e+00,1.866e-03,5.522e-04,1.693e-20,1.210e-31,1.863e-03,3.785e-04,2.788e-06,1.737e-04,1.685e-21,8.570e-10,62889183042,0
ok,18977574383.0929794312,18977574380.5827903748,18977574383.0827903748,0.9999999997,0.9999999997,3.9638894627,3.963889,1.000e+00,1.839e-03,5.522e-04,5.615e-20,8.272e-33,1.836e-03,3.785e-04,2.788e-06,1.737e-04,7.762e-21,7.959e-09,62889183044,0
ok,18977574383.0929794312,18977574381.0827903748,18977574383.0827903748,0.9999999998,0.9999999998,0.4311714423,0.431171,1.000e+00,1.864e-03,5.522e-04,7.980e-21,2.963e-33,1.861e-03,3.785e-04,2.788e-06,1.737e-04,2.212e-21,2.257e-08,62889183046,0
ok,18977574383.0929794312,18977574381.5827903748,18977574383.0827903748,0.9999999998,0.9999999998,0.1745090116,0.174509,1.000e+00,1.875e-03,5.522e-04,2.831e-21,5.524e-32,1.872e-03,3.785e-04,2.788e-06,1.737e-04,1.005e-21,1.608e-09,62889183048,0
ok,18977574383.0929794312,18977574382.0827903748,18977574383.0827903748,0.9999999999,0.9999999999,1.3674899577,1.367490,1.000e+00,1.849e-03,5.522e-04,2.059e-20,1.416e-31,1.846e-03,3.785e-04,2.788e-06,1.737e-04,5.447e-21,1.045e-08,62889183050,0
ok,18977574383.0929794312,18977574382.5827903748,18977574383.0827903748,0.9999999999,0.9999999999,4.4835254289,4.483525,1.000e+00,1.843e-03,5.522e-04,8.147e-20,6.252e-32,1.840e-03,3.785e-04,2.788e-06,1.737e-04,1.506e-20,2.059e-08,62889183052,0
ok,18977574383.0929794312,18977574383.5827903748,18977574383.0827903748,1.0000000001,1.0000000001,1.2528109099,1.252811,1.000e+00,1.854e-03,5.522e-04,1.782e-20,9.222e-32,1.852e-03,3.785e-04,2.788e-06,1.737e-04,2.639e-21,1.070e-08,62889183055,0
ok,18977574383.0929794312,18977574384.0827903748,18977574383.0827903748,1.0000000001,1.0000000001,2.1596320371,2.159632,1.000e+00,1.861e-03,5.522e-04,3.166e-20,1.641e-31,1.858e-03,3.785e-04,2.788e-06,1.737e-04,9.749e-21,6.494e-09,62889183057,0
ok,18977574383.0929794312,18977574384.5827903748,18977574383.0827903748,1.0000000002,1.0000000002,18.8671688889,18.867169,1.000e+00,1.837e-03,5.522e-04,2.862e-19,6.762e-33,1.834e-03,3.785e-04,2.788e-06,1.737e-04,3.256e-21,7.713e-09,62889183058,0
ok,18977574383.0929794312,18977574385.0827903748,18977574383.0827903748,1.0000000002,1.0000000002,2.2163449072,2.216345,1.000e+00,1.869e-03,5.522e-04,4.599e-20,6.218e-32,1.866e-03,3.785e-04,2.788e-06,1.737e-04,1.127e-20,1.401e-08,62889183060,0
ok,18977574383.0929794312,18977574385.5827903748,18977574383.0827903748,1.0000000003,1.0000000003,1.3427050757,1.342705,1.000e+00,1.898e-03,5.522e-04,5.934e-20,1.089e-31,1.895e-03,3.785e-04,2.788e-06,1.737e-04,9.313e-21,3.969e-09,62889183061,0
ok,18977574383.0929794312,18977574386.0827903748,18977574383.0827903748,1.0000000003,1.0000000003,1.5813991831,1.581399,1.000e+00,1.877e-03,5.522e-04,5.645e-20,8.342e-32,1.874e-03,3.785e-04,2.788e-06,1.737e-04,5.992e-21,1.247e-08,62889183064,0
ok,18977574383.0929794312,18977574386.5827903748,18977574383.0827903748,1.0000000004,1.0000000004,0.4968707835,0.496871,1.000e+00,1.960e-03,5.522e-04,3.493e-20,4.621e-32,1.958e-03,3.785e-04,2.788e-06,1.737e-04,7.081e-21,1.339e-08,62889183065,0
ok,18977574383.0929794312,18977574387.0827903748,18977574383.0827903748,1.0000000004,1.0000000004,0.4878697914,0.487870,1.000e+00,1.963e-03,5.522e-04,4.073e-20,8.853e-33,1.960e-03,3.785e-04,2.788e-06,1.737e-04,3.628e-20,9.647e-09,62889183066,0
ok,18977574383.0929794312,18977574387.5827903748,18977574383.0827903748,1.0000000005,1.0000000005,0.7444616731,0.744462,1.000e+00,1.873e-03,5.522e-04,1.695e-20,1.120e-31,1.870e-03,3.785e-04,2.788e-06,1.737e-04,4.052e-21,1.452e-08,62889183068,0
ok,18977574383.0929794312,18977574388.0827903748,18977574383.0827903748,1.0000000005,1.0000000005,0.8200067855,0.820007,1.000e+00,1.857e-03,5.522e-04,1.165e-20,1.237e-32,1.854e-03,3.785e-04,2.788e-06,1.737e-04,1.218e-20,5.286e-09,62889183070,0
ok,18977574383.0929794312,18977574388.5827903748,18977574383.0827903748,1.0000000006,1.0000000006,0.1664349855,0.166435,1.000e+00,1.880e-03,5.522e-04,2.361e-21,5.812e-32,1.877e-03,3.785e-04,2.788e-06,1.737e-04,1.141e-20,1.187e-08,62889183072,0
ok,18977574383.0929794312,18977574389.0827903748,18977574383.0827903748,1.0000000006,1.0000000006,1.4733148820,1.473315,1.000e+00,1.848e-03,5.522e-04,2.081e-20,6.447e-32,1.845e-03,3.785e-04,2.788e-06,1.737e-04,1.654e-20,4.850e-09,62889183074,0
