cached zeros (1e7, 3e7]: 47517736
### re-issued P1.1e table (1e3..2.5e5), corrected tail
g                     t    zero_c     def_c     resid    margin        E
999.7916       988.2916 6.1320055 0.043710673 3.5191126e-8 140.28623 -5.6074119e-9
5000.2343     5004.7343 10.701554 0.073517982 1.487156e-6 145.563763 -1.3921659e-7
7499.635      7487.6350 8.0457927 0.087460136 2.5116686e-6 91.9938273 -3.111717e-7
10000.0653    9997.5653 8.7321407 0.099605982 4.836814e-6 87.6668299 -5.5362116e-7
15000.0088   15001.5088 11.071455 0.12025819 1.3804481e-5 92.0640407 -1.247102e-6
20000.1282   19988.1282 11.571599 0.13779755 2.5618257e-5 83.9753613 -2.2112278e-6
29999.71     30003.2100 9.3431881 0.16759576 4.6562367e-5 55.7483554 -4.9847135e-6
50000.4068   50008.9068 11.159928 0.21517852 0.00015446502 51.8635808 -1.3845651e-5
75000.3706   75010.8706 11.073832 0.26289509 0.00034489016 42.1226287 -3.1152843e-5
99999.7009   100011.2009 16.859991 0.3036426 0.00093349078 55.525777 -5.5378418e-5
125000.3524  124993.3524 13.147224 0.33924275 0.00113741 38.7546214 -8.6499839e-5
150000.2616  150003.2616 14.118692 0.37192549 0.0017589459 37.9610757 -0.00012458001
199999.7053  199995.2053 10.459304 0.42941543 0.0023166056 24.357076 -0.00022145293
249999.7765  250005.2765 8.9521151 0.48040178 0.0030983025 18.6346419 -0.0003460526

### re-issued P1.1e extension (3e5..1e6) + pin witnesses
g                     t    zero_c     def_c     resid    margin        E
299999.7205  299996.7205 9.4519952 0.52740506 0.0047110694   17.9217 -0.00049828621
499999.6711  500001.6711 10.733007 0.68925911 0.014866451 15.5718028 -0.0013841678
749999.995   749987.9950 12.241656 0.86388729 0.038184447 14.1704319 -0.003114268
999999.7934  1000002.2934 14.312736 1.0327678 0.079465081 13.8586197 -0.0055367256
5000.234316   5004.7343 10.701554 0.073517982 1.487156e-6 145.563762 -1.3921659e-7
1001.349482    988.2916 6.1129723 0.043710673 3.5191126e-8 139.850794 -5.6074119e-9

