14.13472514173469463117
21.02203963877155601381
25.01085758014568938279
30.42487612585951239907
32.93506158773919167970
37.58617815882567469998
40.91871901214749840392
43.32707328091500187384
48.00515088116716100330
49.77383247767230045611
52.97032147771446375373
56.44624769706339151298
59.34704400260235246378
60.83177852460980972182
65.11254404808160245466
67.07981052949416778119
69.54640171117398494971
72.06715767448190490541
75.70469069908392611978
77.14484006887479949910
79.33737502024936816269
82.91038085408602853477
84.73549298051705136459
87.42527461312522518710
88.80911120763445865123
92.49189927055849125281
94.65134404051988781248
95.87063422824530789512
98.83119421819368710658
101.31785100573138436175
103.72553804047834091762
105.44662305232608900951
107.16861118427640064965
111.02953554316967199611
111.87465917699263684426
114.32022091545270825463
116.22668032085755385197
118.79078286597621172405
121.37012500242065016209
122.94682929355258238502
124.25681855434577016695
127.51668387959649919594
129.57870419995606425800
131.08768853093266670840
133.49773720299759816044
134.75650975337387649233
138.11604205453343752197
139.73620895212138748320
141.12370740402113256096
143.11184580762062523718
146.00098248676550838354
147.42276534255961450981
150.05352042078487784238
150.92525761224146663153
153.02469381119888680587
156.11290929423788043096
157.59759181759406487799
158.84998817142050597795
161.18896413759603092331
163.03070968718199651448
165.53706918790041413558
167.18443997817450963339
169.09451541556882148143
169.91197647941169179830
173.41153651959155013174
174.75419152336573347384
176.44143429771042974608
178.37740777609997167019
179.91648402025700193008
182.20707848436646258961
184.87446784838749636037
185.59878367770747331633
187.22892258350185556992
189.41615865601693258213
192.02665636071378685301
193.07972660384569962844
195.26539667952923196026
196.87648184095831993545
198.01530967625191692605
201.26475194370379995235
202.49359451414053978624
204.18967180310454523351
205.39469720216328596507
207.90625888780621721708
209.57650971685626473118
211.69086259536530292280
213.34791935971267662353
214.54704478349142959814
216.16953850826371308358
219.06759634902138600410
220.71491883931400934671
221.43070555469333271503
224.00700025460432129876
224.98332466958228792464
227.42144427967929232182
229.33741330552535941933
231.25018870049916586140
231.98723525318024485387
233.69340417890830963188
236.52422966581619334647
237.76982048092520471982
239.55547757332763580962
241.04915779621657634380
242.82327193422258915234
244.07089849707816142654
247.13699007489751124922
248.10199006014846645485
249.57368964470720129611
251.01494779501601328775
253.06998674799947934844
255.30625645491403474807
256.38071369443446201331
258.61043949153139465125
259.87440698967799335151
260.80508450459689129275
263.57389390487014679820
265.55785183887633138511
266.61497378150107806505
267.92191508282405720820
269.97044902399761667766
271.49405564164499082835
273.45960918840330577950
275.58749264934385792003
276.45204950313291192288
278.25074352984194092642
279.22925092774516997451
282.46511476505207838272
283.21118573323389000507
284.83596398090475076970
286.66744536300291201769
287.91192050142217340181
289.57985492921881132133
291.84629132906741233455
293.55843413935627950195
294.96536961926551612123
295.57325487895826654494
297.97927706194343500101
299.84032605372129864918
301.64932546219415598898
302.69674958960689536980
304.86437134085730349398
305.72891260203681440544
307.21949612817007846388
310.10946314670189849494
311.16514153035598155839
312.42780118060090899235
313.98528573115891049383
315.47561608947574995909
317.73480594237020113724
318.85310425631661246371
321.16013430911357318109
322.14455867248295817262
323.46696955751207269714
324.86286605173961561377
327.44390126190546652651
329.03307168048092989920
329.95323972823388203324
331.47446758266340793853
333.64537852486984093048
334.21135483324439974240
336.84185042839067136811
338.33999285080659547020
339.85821672536354753902
341.04226111104657093165
342.05487751036361032675
344.66170294025232578861
346.34787056600993082611
347.27267758442047806966
349.31626087069616914960
350.40841934919211553279
351.87864902535926603377
353.48890048871879798753
356.01757497726492829315
357.15130225203961344960
357.95268510163225528231
359.74375495311443273749
361.28936169580464365936
363.33133057897384787793
364.73602411408899115486
366.21271028833132277214
367.99357548174032217503
368.96843809573437056315
370.05091921210600958148
373.06192837211284540899
373.86487391090855680886
375.82591276673934999053
376.32409223066804315749
378.43668024996549092975
379.87297534653237107705
381.48446861718650779949
383.44352944953647011062
384.95611681486366251193
385.86130084597425593529
387.22289022238800271225
388.84612835423223486941
391.45608356363806024092
392.24508333951911254189
393.42774384443401913813
395.58287001099370172597
396.38185422259221013519
397.91873620961422375331
399.98511987619491492296
401.83922860053320391671
402.86191776388614016469
404.23644180020801286446
405.13438745990993083979
407.58146038689619672368
408.94724550235110882568
410.51386919336664504954
411.97226780427877201873
413.26273607018504208099
415.01880975515513227947
415.45521499629461459335
418.38770578953477752293
419.86136481815231036308
420.64382762504180846008
422.07671005882673398446
423.71657962748179215851
425.06988249446135341714
427.20882508407458999500
428.12791407661666198692
430.32874543093862484966
431.30130693070361758146
432.13864173458858886079
433.88921848092724076196
436.16100643264695690959
437.58169816766860549251
438.62173865627221402974
439.91844221437065698410
441.68319920118904065021
442.90454630260944668407
444.31933627755915949820
446.86062269642951605420
447.44170419449329756389
449.14854568502329357216
450.12694578031351966274
451.40330844538880228356
453.98673780667792243548
454.97468376861678507339
456.32842668924604367930
457.90389306410298786432
459.51341528110600620494
460.08794442217583764432
462.06536727488253291085
464.05728691054827095286
465.67153921137111183270
466.57028693082622794464
467.43904621026166523734
469.53600455911202971038
470.77365547810165935516
472.79917466190880759314
473.83523234513967281600
475.60033936937577436765
476.76901523748449562845
478.07526376667095746598
478.94218153463481257859
481.83033937628658804897
482.83478279098238772349
483.85142721248251973520
485.53914812935602185462
486.52871826165124957697
488.38056709001745048226
489.66176157795615608848
491.39882159366300129477
493.31444158178527459313
493.95799780536947309884
495.35882882213127231807
496.42969621575912242406
498.58078242968656468292
500.30908494169051436984
501.60444696514548468258
502.27627032711825449951
504.49977331342773823053
505.41523174224442982450
506.46415270952354603651
508.80070033646779847913
510.26422794367283586325
511.56228970037460612730
512.62314453140743353288
513.66898555547368232510
515.43505716729941923404
517.58966857246741710696
518.23422314755009665532
520.10631041172325694788
521.52519344949200785777
522.45669617773023674090
523.96053089201586772106
525.07738568727961592231
527.90364160127239756548
528.40621385229269435513
529.80622631870687655464
530.86691788396103675041
532.68818302829367894446
533.77963075376874257927
535.66431407587322155450
537.06975908312233514152
538.42852617624794220319
540.21316637622817324882
540.63139024729514403589
541.84743712120132386190
544.32389010100530413183
545.63683324893486314977
547.01091205812224416150
547.93161336448929432663
549.49756756266140200751
550.97001003948389552534
552.04957220056485311943
553.76497211915886964562
555.79202056168253420765
556.89947640685534224758
557.56465917205855475913
559.31623702868216696515
560.24080749729569106421
562.55920761604579638515
564.16087911078614069993
564.50605593814987059886
566.69878768280796066392
567.73175790117693395587
568.92395517962938811252
570.05111478246362821665
572.41998413245278243267
573.61461052675815608382
575.09388601449484212935
575.80724714092878002702
577.03900347209821575234
579.09883467203655982303
580.13695936238457306899
581.94657626590162635694
583.23608821916729993973
584.56170590346550852701
585.98456320498826244147
586.74277189125018594495
588.13966326624790781352
590.66039751676532887359
591.72585806504810079787
592.57135830022559730423
593.97471468223102419870
595.72815369738896151830
596.36276832839371309092
598.49307734616479592660
599.54564036436488549953
601.60213673593261773931
602.57916788638738125883
603.62561890357915217464
604.61621849375319470710
606.38346042210901032377
608.41321731118728166621
609.38957515472009163204
610.83916293773938832601
611.77420962088717715233
613.59977867563713971322
614.64623787223263207125
615.53856336940702931315
618.11283136644237856672
619.18448259795366084290
620.27289367222749660868
621.70929452794860026188
622.37500273977900633326
624.26990001817785014282
626.01928342765438628703
627.26839685078300590249
628.32586235946041597344
630.47388743829208124225
630.80578092719758842577
632.22514116711590759223
633.54685825225180906273
635.52380031060545206856
637.39719315983734304609
637.92551398082252944732
638.92793826685681324307
640.69479466882569340669
641.94549966570525612042
643.27888378139789438137
644.99057822974805276317
646.34819159550158929051
647.76175300428883474524
648.78640088878239566839
650.19751934525640990614
650.66868389139597184112
653.64957160539472624805
654.30192058631939744373
655.70946302235563507566
656.96408459946064795076
658.17561441860539162008
659.66384597296405445377
660.71673259527926802548
662.29658643110042248736
664.24460465227298300306
665.34276309559902529145
666.51514770417293220817
667.14849489455548336991
668.97584882023511454463
670.32358520586262784491
672.45818358416977389425
673.04357828614763548103
674.35589781012322418974
676.13967436362679563899
677.23018066876397824672
677.80044474622138750419
679.74219788252821672359
681.89499153315193780145
682.60273501975052568014
684.01354981386953113542
684.97262986209841528762
686.16322358772799816506
687.96154318470360067295
689.36894136227238050196
690.47473503235039515857
692.45168441552084459545
693.17697006060177500331
694.53390869987310907163
695.72633592092677190521
696.62606990034566933900
699.13209547601354643120
700.29673913214344338485
701.30174295464610167983
702.22734314576052838675
704.03383929552535391849
705.12581395461927513679
706.18465479951794350200
708.26907088510995436081
709.22958857028424972668
711.13027417968544341420
711.90028991437532113196
712.74938347010129291448
714.08277182066944988037
716.11239645405214560014
717.48256970310023916682
718.74278654548584199802
719.69710098836571887659
721.35116221853638762695
722.27750497567421916756
723.84582104512844580313
724.56261389037911158084
727.05640323004934089113
728.40548158893409436132
728.75874979561422151164
730.41648212275640617008
731.41735491859856210795
732.81805271449979954923
734.78964325237802768243
735.76545920857836335927
737.05292891226531537541
738.58042117137381410430
739.90952367404190681555
740.57380744729505295254
741.75733557294165620988
743.89501314247365826304
745.34498955061189917615
746.49930589943232916994
747.67456362426958094147
748.24275446508454479044
750.65595036212425839039
750.96638106665079703816
752.88762156720235907414
754.32237047171270205581
755.83930897603784160310
756.76824843995098035521
758.10172924641256031464
758.90023822489240501454
760.28236698351201994228
762.70003324969104596676
763.59306617283721152489
764.30752272418021675549
766.08754009983624655433
767.21847215553952992195
768.28146180650924179645
769.69340725262441083032
771.07083931367833429249
772.96161756575702383998
774.11774462794051032688
775.04784709658053998282
775.99971196317142130283
777.29974852959253439622
779.15707694918899051117
780.34892500418163763243
782.13766439081211956363
782.59794394607354206528
784.28882261246553753153
785.73908970071499879850
786.46114745050624605938
787.46846381591001318156
790.05909236411957863311
790.83162046792108412774
792.42770760860457812669
792.88865256262261027587
794.48379186989313893719
795.60659615616236806090
797.26347003803562074609
798.70757016629625013593
799.65433621089766802470
801.60424646298201878380
802.54198487841813403065
803.24309620427015943278
804.76223911266174582124
805.86163566709478800476
808.15181493599379791704
809.19778336330068668758
810.08180488640709882020
811.18435884650625666836
812.77110838910937218316
814.04591360751101092319
814.87053962587253863603
816.72773771439472056954
818.38066886636170238489
819.20464217082383129309
820.72189844386923596176
821.71345413337940044585
822.19775749340431048040
824.52629387162971852376
826.03928737657440706244
826.90581095408072087594
828.34017430048993446690
829.43701096830932328885
830.89588405331744525029
831.79977765907062803308
833.00364090915422821126
834.65191514782554804697
836.69357618759181605128
837.34733505953147414402
838.24902199273219594033
839.46539481028241880267
841.03638982901338749798
842.04135420652642096684
844.16619660735079833103
844.80599397576372666663
846.19476992769398293603
847.97171763951200773590
848.48928118094352157641
849.86227434869783792237
850.64544846600404071069
853.16311258338919287780
854.09551171986902318167
855.28671024440495784802
856.48411749079161836562
857.31074060260380065301
858.90402646647567053151
860.41067089601472162030
861.17109821271537839493
863.18971977190892630460
864.34082393006951861025
865.59466432651595368952
866.42373990404269079590
867.69312261178504286363
868.67049422913157741277
870.84690232575405843818
872.18875082161321188323
873.09897897128200838779
873.90838923533749493799
875.98528510878031738685
876.60082583302744296816
877.65469834103350876831
879.38095196979099910095
880.83464884793943383556
882.38669662719644293247
883.43033183870159064099
884.19874311459477667086
885.27230447961710524396
886.85280196291625998128
888.47556667381718398246
889.73529429409074964497
890.81313211252802375384
892.38643326015585444111
893.11911756729421085765
894.88629232086873344088
895.39791967478299739014
896.63225155620273199020
899.22152266838338618982
899.85888460793751164601
900.84973986052136751823
902.24320758675230536028
903.09967444263043034880
904.70290272228135108890
905.82994075822216473171
907.65672946896756911883
908.33354364506089950737
910.18633405717980622285
911.23495148595554837812
912.33104560003562255588
912.82399924674336944008
914.73009695837561139342
916.35500080864278515946
917.82537757042678094876
918.83653524352905606065
919.44834443968227333244
921.15639550715479799692
922.50062930663682436716
923.28571980242224981339
924.77348393347665478359
926.55155278460301815358
927.85085898575357532536
928.66365932893484114174
929.87409285064779851382
931.00921133662802731124
931.85274074552012280037
934.38530683725844028231
934.99542486384643780184
936.22864937928295603342
937.53292571197039251274
939.02430089921836042777
939.66094061452815822122
941.15699964204236493970
942.05234164337548463664
944.18803580957273879903
945.33356250304598233924
946.76584220472784636513
947.07918309625483743730
948.34664625504501600517
950.15161268464385102561
951.03324873382348414452
952.72798861985063467728
954.12971926955140133941
954.82930893821662721166
956.67547934328979408747
957.51005259642374767282
958.41459339013613316638
959.45916880706806750823
961.66957247419270515820
963.18208667131148104090
963.56704019161225005519
965.05557962375110037101
966.11075481841021428409
967.37115376626286433748
968.63630190608728298685
970.12561055694118294923
971.07149148638575297809
973.18536129430117398442
973.87307899265363175800
974.77463506583740127098
976.17850242058966614422
976.91720211705057863583
978.76667153511300512037
980.57800063977447280195
981.28861530175902316842
982.39648516877900874533
983.57507600643134537677
985.18692865577338579897
986.13051511018454675650
986.75600840765605425986
988.99262237065738645470
990.22391780402801941818
991.37429414776147496013
992.72869633673269618157
993.21458095744299043872
994.40459057109444529488
996.20533616429827361571
997.51193475193917947763
998.82754713692963832727
999.79157155741290807782
1001.34948263778278487734
1002.40430548839174207387
1003.26780817945325452456
1004.67504412117284573469
1005.54342030437840094237
1008.00670430706361457851
1008.79570990074228120648
1009.80659074696461630083
1010.56975701106102860649
1012.41004251576157457748
1013.05863809840900557901
1014.68963262237036815350
1016.06017894264732603915
1017.26640236435537190118
1018.60557251862019256805
1019.91243974394399174344
1020.91747501726365499053
1021.54434449990469602199
1022.88527091171636129729
1025.26572419772764988011
1025.70794437146287236828
1027.46769351558782545908
1028.12896425549752166262
1029.22729744396133355622
1030.89736879059660168423
1031.83318029740780730208
1032.81288303515884763328
1034.61291552952070560423
1036.19591735805465759768
1037.02470764628174038080
1038.08775224061878361681
1039.07740143689670730964
1040.26403793769577532657
1041.62152801454226391797
1043.62395434962149920466
1044.51497582907882133441
1045.10704235297794184589
1047.08981748429482649954
1047.98714748960037468350
1048.95378519468590639008
1049.99628425659329877817
1051.57657184320510168618
1053.24578515838584280573
1054.78103947828140007914
1055.00214647568577674974
1056.68884736382824485190
1057.10004365961776784388
1059.13376910689703436219
1060.13951856160792885930
1061.50130446506841508381
1062.91538150788051098061
1064.07155107171843155811
1065.12185510629296913976
1066.46322346924307566951
1067.41886012096460945031
1067.99000007904260201030
1070.53504199682924991066
1071.61862321508942841319
1072.54399801112163004291
1073.57035316509382028016
1074.74777104431109364668
1076.26662559417741249490
1076.92405606575448473450
1078.64719848095637644292
1079.80996542925913672661
1081.17100234346776232996
1082.95274972306970084901
1083.29546651408554680529
1084.18326431043010416033
1085.64783120863944532175
1086.91199898982517879631
1088.75572467480878913193
1089.79533792407482906128
1090.86319102624884180841
1091.72847296693680618773
1093.44087327236866258318
1094.28445752375409938395
1095.43308475866137996491
1096.40191779474253053195
1098.84101546664987836266
1099.36066717857170260686
1100.57446062246253859485
1101.83911116875606239773
1102.55177989991761933197
1103.73229717454682941025
1105.61718883076196107140
1106.77437167583275368088
1107.77453195501016125490
1109.15891885676637684810
1110.44414299361324083293
1111.44350476489989887341
1112.43299540807652192598
1113.39759511480201581435
1115.06535946156668615004
1116.78725388121461037372
1117.96591966919959304505
1118.68413486101849230181
1119.47324742617888659879
1121.15593767581049178261
1122.45862135688048510929
1123.10111738780915402458
1125.31472939784657683049
1125.76344242925256367016
1127.65802352721561874205
1128.43022461389273303212
1129.72899677706550392031
1130.39159789623158758332
1131.49508556191699426563
1133.70862566945629623660
1134.88565459153323899955
1135.56221397547756168933
1136.92929348096959074610
1138.15158977980559029675
1138.99234182049372066103
1140.72184817190327521530
1141.26102296413682779530
1142.85865960785645256692
1144.78229951862545021868
1145.48532751711718447041
1146.57681492486699426081
1147.50177652331922217854
1148.61527720883395886631
1149.98260102810718308319
1151.56281472367322749051
1152.94312853058977452747
1153.89030371627131899004
1154.69751953538229827245
1156.62156783387263203622
1157.43231457561091701791
1158.00160902729498957342
1159.48065701902237378818
1161.39664463437816266378
1162.48752860200534087198
1163.70103168277864824631
1164.73758635122771920578
1165.27122770645769378461
1166.94361340952877981181
1168.08627161013873774209
1169.69835688488501546090
1170.46363857828373511438
1172.12068186569558747578
1173.30568776404834352434
1174.23276685645623729215
1175.21545239595070597716
1176.63287580978840196622
1177.10630442165620479500
1179.70122350193400961871
1180.65354378708434524015
1181.26731815168000139238
1182.58227034692049528530
1183.71277529597432476294
1185.15584284746569210256
1185.87535869535668098251
1187.34516149326736922376
1188.85644429822923484608
1189.96363649791851457849
1191.48260592641349830956
1192.21861147810159309302
1193.32402142745513629052
1193.85742713543709214719
1196.03467174867114408698
1197.07178665882202039938
1198.68656910463050735416
1199.35651370789400971262
