# day038  H1  cert  3e10  FULL  workers=4  2026-09-27 12:33:41
# point  detail  (assembled  from  checkpoints;  one  row  per  straddle):
ok,22135442760.4396514893,22135442754.6194610596,22135442760.6194610596,0.9999999995,0.9999999995,0.3193018125,0.319302,1.000e+00,2.119e-03,6.400e-04,5.949e-21,7.911e-32,2.116e-03,4.374e-04,2.839e-06,2.026e-04,5.526e-21,4.720e-09,73899722273,0
audit,x=22135442760.4396514893,t=22135442754.6194610596,rem_spread_max=6.776e-21 ext_spread_max=5.717e-09 
ok,22135442760.4396514893,22135442755.1194610596,22135442760.6194610596,0.9999999995,0.9999999995,0.2165766122,0.216577,1.000e+00,2.162e-03,6.400e-04,8.296e-21,3.279e-32,2.159e-03,4.374e-04,2.839e-06,2.026e-04,2.735e-21,4.916e-09,73899722274,0
ok,22135442760.4396514893,22135442755.6194610596,22135442760.6194610596,0.9999999995,0.9999999995,0.2201527290,0.220153,1.000e+00,2.132e-03,6.400e-04,5.914e-21,7.955e-33,2.129e-03,4.374e-04,2.839e-06,2.026e-04,7.653e-21,4.907e-09,73899722277,0
ok,22135442760.4396514893,22135442756.1194610596,22135442760.6194610596,0.9999999996,0.9999999996,0.0731021226,0.073102,1.000e+00,2.415e-03,6.400e-04,8.701e-21,5.071e-32,2.412e-03,4.374e-04,2.839e-06,2.026e-04,2.334e-22,4.160e-09,73899722278,0
ok,22135442760.4396514893,22135442756.6194610596,22135442760.6194610596,0.9999999996,0.9999999996,2.7426845200,2.742685,1.000e+00,2.074e-03,6.400e-04,2.766e-20,5.374e-32,2.071e-03,4.374e-04,2.839e-06,2.026e-04,9.657e-21,1.263e-09,73899722280,0
ok,22135442760.4396514893,22135442757.1194610596,22135442760.6194610596,0.9999999997,0.9999999997,0.3374949934,0.337495,1.000e+00,2.161e-03,6.400e-04,1.355e-20,3.041e-33,2.158e-03,4.374e-04,2.839e-06,2.026e-04,8.040e-21,3.181e-09,73899722281,0
ok,22135442760.4396514893,22135442757.6194610596,22135442760.6194610596,0.9999999997,0.9999999997,1.0976212501,1.097621,1.000e+00,2.135e-03,6.400e-04,3.300e-20,3.775e-32,2.132e-03,4.374e-04,2.839e-06,2.026e-04,3.430e-21,3.039e-09,73899722283,0
ok,22135442760.4396514893,22135442758.1194610596,22135442760.6194610596,0.9999999998,0.9999999998,0.8298079725,0.829808,1.000e+00,2.144e-03,6.400e-04,2.286e-20,6.499e-32,2.141e-03,4.374e-04,2.839e-06,2.026e-04,3.087e-21,1.386e-08,73899722285,0
ok,22135442760.4396514893,22135442758.6194610596,22135442760.6194610596,0.9999999998,0.9999999998,1.1816938423,1.181694,1.000e+00,2.104e-03,6.400e-04,2.704e-20,4.500e-32,2.101e-03,4.374e-04,2.839e-06,2.026e-04,2.053e-20,5.712e-09,73899722286,0
ok,22135442760.4396514893,22135442759.1194610596,22135442760.6194610596,0.9999999998,0.9999999998,0.3787662154,0.378766,1.000e+00,2.142e-03,6.400e-04,1.028e-20,4.378e-32,2.139e-03,4.374e-04,2.839e-06,2.026e-04,1.190e-21,4.891e-09,73899722289,0
ok,22135442760.4396514893,22135442759.6194610596,22135442760.6194610596,0.9999999999,0.9999999999,0.6417506687,0.641751,1.000e+00,2.136e-03,6.400e-04,1.732e-20,5.733e-32,2.133e-03,4.374e-04,2.839e-06,2.026e-04,5.764e-21,1.082e-08,73899722291,0
ok,22135442760.4396514893,22135442760.1194610596,22135442760.6194610596,0.9999999999,0.9999999999,5.1507634868,5.150763,1.000e+00,2.082e-03,6.400e-04,6.740e-20,2.035e-31,2.079e-03,4.374e-04,2.839e-06,2.026e-04,9.260e-23,2.072e-08,73899722292,0
ok,22135442760.4396514893,22135442761.1194610596,22135442760.6194610596,1.0000000000,1.0000000000,2.1845984549,2.184598,1.000e+00,2.075e-03,6.400e-04,2.122e-20,8.178e-32,2.072e-03,4.374e-04,2.839e-06,2.026e-04,1.422e-20,3.731e-09,73899722295,0
ok,22135442760.4396514893,22135442761.6194610596,22135442760.6194610596,1.0000000001,1.0000000001,0.0113300143,0.011330,1.000e+00,5.375e-03,6.400e-04,1.262e-20,6.362e-32,5.372e-03,4.374e-04,2.839e-06,2.026e-04,1.889e-21,7.782e-09,73899722298,0
ok,22135442760.4396514893,22135442762.1194610596,22135442760.6194610596,1.0000000001,1.0000000001,0.8347482003,0.834748,1.000e+00,2.095e-03,6.400e-04,7.532e-21,1.014e-31,2.092e-03,4.374e-04,2.839e-06,2.026e-04,6.623e-21,8.258e-10,73899722299,0
ok,22135442760.4396514893,22135442762.6194610596,22135442760.6194610596,1.0000000002,1.0000000002,0.3615936370,0.361594,1.000e+00,2.161e-03,6.400e-04,1.221e-20,4.179e-32,2.158e-03,4.374e-04,2.839e-06,2.026e-04,2.092e-21,8.169e-09,73899722301,0
ok,22135442760.4396514893,22135442763.1194610596,22135442760.6194610596,1.0000000002,1.0000000002,0.9774923022,0.977492,1.000e+00,2.092e-03,6.400e-04,1.462e-20,3.814e-32,2.089e-03,4.374e-04,2.839e-06,2.026e-04,2.150e-20,4.092e-08,73899722303,0
ok,22135442760.4396514893,22135442763.6194610596,22135442760.6194610596,1.0000000003,1.0000000003,0.3367891777,0.336789,1.000e+00,2.229e-03,6.400e-04,2.079e-20,1.446e-31,2.226e-03,4.374e-04,2.839e-06,2.026e-04,8.956e-21,5.206e-09,73899722305,0
ok,22135442760.4396514893,22135442764.1194610596,22135442760.6194610596,1.0000000003,1.0000000003,3.4711252984,3.471125,1.000e+00,2.069e-03,6.400e-04,3.136e-20,7.204e-32,2.067e-03,4.374e-04,2.839e-06,2.026e-04,7.423e-22,1.772e-08,73899722306,0
ok,22135442760.4396514893,22135442764.6194610596,22135442760.6194610596,1.0000000004,1.0000000004,1.4389588296,1.438959,1.000e+00,2.089e-03,6.400e-04,2.034e-20,1.184e-31,2.087e-03,4.374e-04,2.839e-06,2.026e-04,2.896e-21,8.677e-09,73899722308,0
ok,22135442760.4396514893,22135442765.1194610596,22135442760.6194610596,1.0000000004,1.0000000004,2.6676852392,2.667685,1.000e+00,2.065e-03,6.400e-04,2.602e-20,1.217e-32,2.062e-03,4.374e-04,2.839e-06,2.026e-04,2.489e-20,7.552e-09,73899722309,0
ok,22135442760.4396514893,22135442765.6194610596,22135442760.6194610596,1.0000000005,1.0000000005,0.0706450654,0.070645,1.000e+00,2.158e-03,6.400e-04,2.009e-21,1.337e-31,2.155e-03,4.374e-04,2.839e-06,2.026e-04,7.531e-21,1.687e-09,73899722311,0
ok,22135442760.4396514893,22135442766.1194610596,22135442760.6194610596,1.0000000005,1.0000000005,1.6074023090,1.607402,1.000e+00,2.067e-03,6.400e-04,1.513e-20,6.973e-32,2.064e-03,4.374e-04,2.839e-06,2.026e-04,7.823e-22,3.278e-09,73899722313,0
ok,22135442760.4396514893,22135442766.6194610596,22135442760.6194610596,1.0000000005,1.0000000005,0.3914923109,0.391492,1.000e+00,2.085e-03,6.400e-04,3.574e-21,1.216e-32,2.083e-03,4.374e-04,2.839e-06,2.026e-04,4.099e-21,2.784e-09,73899722315,0
ok,23906278181.2748260498,23906278175.4318580627,23906278181.4318580627,0.9999999995,0.9999999995,0.4854998940,0.485500,1.000e+00,2.197e-03,6.880e-04,1.116e-20,5.131e-32,2.194e-03,4.692e-04,2.864e-06,2.188e-04,2.265e-20,9.385e-09,80106212496,0
audit,x=23906278181.2748260498,t=23906278175.4318580627,rem_spread_max=2.711e-20 ext_spread_max=1.177e-08 
ok,23906278181.2748260498,23906278175.9318580627,23906278181.4318580627,0.9999999995,0.9999999995,0.3247613221,0.324761,1.000e+00,2.220e-03,6.880e-04,1.390e-20,5.753e-33,2.217e-03,4.692e-04,2.864e-06,2.188e-04,6.957e-21,1.820e-08,80106212497,0
ok,23906278181.2748260498,23906278176.4318580627,23906278181.4318580627,0.9999999996,0.9999999996,0.2168334529,0.216833,1.000e+00,2.246e-03,6.880e-04,1.169e-20,1.999e-32,2.243e-03,4.692e-04,2.864e-06,2.188e-04,3.894e-21,1.916e-08,80106212500,0
ok,23906278181.2748260498,23906278176.9318580627,23906278181.4318580627,0.9999999996,0.9999999996,0.7889945819,0.788995,1.000e+00,2.210e-03,6.880e-04,3.154e-20,5.168e-33,2.208e-03,4.692e-04,2.864e-06,2.188e-04,1.660e-20,9.244e-09,80106212502,0
ok,23906278181.2748260498,23906278177.4318580627,23906278181.4318580627,0.9999999997,0.9999999997,2.9299900797,2.929990,1.000e+00,2.180e-03,6.880e-04,5.373e-20,6.058e-32,2.177e-03,4.692e-04,2.864e-06,2.188e-04,1.391e-21,1.112e-08,80106212503,0
ok,23906278181.2748260498,23906278177.9318580627,23906278181.4318580627,0.9999999997,0.9999999997,0.8105652101,0.810565,1.000e+00,2.253e-03,6.880e-04,4.728e-20,6.448e-32,2.250e-03,4.692e-04,2.864e-06,2.188e-04,5.338e-21,1.649e-08,80106212505,0
ok,23906278181.2748260498,23906278178.4318580627,23906278181.4318580627,0.9999999997,0.9999999997,0.8990695882,0.899070,1.000e+00,2.233e-03,6.880e-04,4.320e-20,1.098e-31,2.230e-03,4.692e-04,2.864e-06,2.188e-04,3.063e-21,1.752e-08,80106212506,0
ok,23906278181.2748260498,23906278178.9318580627,23906278181.4318580627,0.9999999998,0.9999999998,1.6926758487,1.692676,1.000e+00,2.184e-03,6.880e-04,3.056e-20,2.857e-32,2.181e-03,4.692e-04,2.864e-06,2.188e-04,2.212e-20,1.439e-08,80106212508,0
ok,23906278181.2748260498,23906278179.4318580627,23906278181.4318580627,0.9999999998,0.9999999998,2.1314499435,2.131450,1.000e+00,2.178e-03,6.880e-04,3.844e-20,7.645e-32,2.175e-03,4.692e-04,2.864e-06,2.188e-04,1.763e-20,8.588e-09,80106212510,0
ok,23906278181.2748260498,23906278179.9318580627,23906278181.4318580627,0.9999999999,0.9999999999,0.6444931022,0.644493,1.000e+00,2.207e-03,6.880e-04,1.485e-20,1.269e-31,2.204e-03,4.692e-04,2.864e-06,2.188e-04,9.445e-21,3.091e-09,80106212512,0
ok,23906278181.2748260498,23906278180.4318580627,23906278181.4318580627,0.9999999999,0.9999999999,1.6100147346,1.610015,1.000e+00,2.199e-03,6.880e-04,4.617e-20,9.606e-32,2.196e-03,4.692e-04,2.864e-06,2.188e-04,4.312e-21,8.062e-09,80106212514,0
ok,23906278181.2748260498,23906278180.9318580627,23906278181.4318580627,0.9999999999,0.9999999999,2.6800951826,2.680095,1.000e+00,2.214e-03,6.880e-04,1.247e-19,1.565e-31,2.212e-03,4.692e-04,2.864e-06,2.188e-04,5.153e-21,5.192e-09,80106212516,0
ok,23906278181.2748260498,23906278181.9318580627,23906278181.4318580627,1.0000000000,1.0000000000,1.1180363045,1.118036,1.000e+00,2.200e-03,6.880e-04,3.440e-20,1.315e-33,2.198e-03,4.692e-04,2.864e-06,2.188e-04,5.655e-21,7.984e-09,80106212518,0
ok,23906278181.2748260498,23906278182.4318580627,23906278181.4318580627,1.0000000001,1.0000000001,2.6568737542,2.656874,1.000e+00,2.179e-03,6.880e-04,6.203e-20,6.242e-32,2.176e-03,4.692e-04,2.864e-06,2.188e-04,7.749e-23,2.686e-09,80106212521,0
ok,23906278181.2748260498,23906278182.9318580627,23906278181.4318580627,1.0000000001,1.0000000001,0.2110957328,0.211096,1.000e+00,2.676e-03,6.880e-04,6.564e-20,5.365e-32,2.674e-03,4.692e-04,2.864e-06,2.188e-04,1.094e-20,2.211e-09,80106212522,0
ok,23906278181.2748260498,23906278183.4318580627,23906278181.4318580627,1.0000000002,1.0000000002,1.2779727547,1.277973,1.000e+00,2.257e-03,6.880e-04,9.099e-20,6.639e-32,2.254e-03,4.692e-04,2.864e-06,2.188e-04,7.175e-22,4.206e-09,80106212523,0
ok,23906278181.2748260498,23906278183.9318580627,23906278181.4318580627,1.0000000002,1.0000000002,0.1068433028,0.106843,1.000e+00,2.388e-03,6.880e-04,1.442e-20,1.009e-32,2.385e-03,4.692e-04,2.864e-06,2.188e-04,7.451e-21,1.565e-08,80106212525,0
ok,23906278181.2748260498,23906278184.4318580627,23906278181.4318580627,1.0000000003,1.0000000003,3.3014527009,3.301453,1.000e+00,2.173e-03,6.880e-04,6.617e-20,5.701e-32,2.170e-03,4.692e-04,2.864e-06,2.188e-04,1.707e-20,4.824e-09,80106212527,0
ok,23906278181.2748260498,23906278184.9318580627,23906278181.4318580627,1.0000000003,1.0000000003,0.6847840151,0.684784,1.000e+00,2.200e-03,6.880e-04,1.421e-20,2.254e-32,2.197e-03,4.692e-04,2.864e-06,2.188e-04,4.825e-21,7.280e-09,80106212529,0
ok,23906278181.2748260498,23906278185.4318580627,23906278181.4318580627,1.0000000003,1.0000000003,4.3816384281,4.381638,1.000e+00,2.170e-03,6.880e-04,7.902e-20,7.979e-32,2.167e-03,4.692e-04,2.864e-06,2.188e-04,8.331e-21,1.782e-08,80106212531,0
ok,23906278181.2748260498,23906278185.9318580627,23906278181.4318580627,1.0000000004,1.0000000004,0.5954235076,0.595424,1.000e+00,2.256e-03,6.880e-04,3.824e-20,7.593e-32,2.253e-03,4.692e-04,2.864e-06,2.188e-04,2.590e-20,1.543e-09,80106212532,0
ok,23906278181.2748260498,23906278186.4318580627,23906278181.4318580627,1.0000000004,1.0000000004,0.2106324406,0.210632,1.000e+00,2.227e-03,6.880e-04,5.651e-21,2.709e-32,2.224e-03,4.692e-04,2.864e-06,2.188e-04,1.614e-21,7.181e-09,80106212534,0
ok,23906278181.2748260498,23906278186.9318580627,23906278181.4318580627,1.0000000005,1.0000000005,0.5078691556,0.507869,1.000e+00,2.194e-03,6.880e-04,1.123e-20,3.320e-32,2.191e-03,4.692e-04,2.864e-06,2.188e-04,1.199e-20,8.186e-09,80106212536,0
ok,23906278181.2748260498,23906278187.4318580627,23906278181.4318580627,1.0000000005,1.0000000005,0.3939917167,0.393992,1.000e+00,2.201e-03,6.880e-04,8.878e-21,9.513e-32,2.198e-03,4.692e-04,2.864e-06,2.188e-04,3.071e-21,6.446e-10,80106212538,0
ok,25818780435.7768135071,25818780429.7121810913,25818780435.7121810913,0.9999999995,0.9999999995,1.4433470184,1.443347,1.000e+00,2.277e-03,7.384e-04,6.827e-21,2.517e-32,2.274e-03,5.022e-04,2.889e-06,2.363e-04,1.501e-20,1.099e-08,86832647660,0
audit,x=25818780435.7768135071,t=25818780429.7121810913,rem_spread_max=2.711e-20 ext_spread_max=1.397e-08 
ok,25818780435.7768135071,25818780430.2121810913,25818780435.7121810913,0.9999999996,0.9999999996,1.3575190830,1.357519,1.000e+00,2.281e-03,7.384e-04,7.346e-21,2.819e-32,2.278e-03,5.022e-04,2.889e-06,2.363e-04,1.486e-21,8.654e-09,86832647662,0
ok,25818780435.7768135071,25818780430.7121810913,25818780435.7121810913,0.9999999996,0.9999999996,0.3522984472,0.352298,1.000e+00,2.336e-03,7.384e-04,4.822e-21,1.142e-32,2.333e-03,5.022e-04,2.889e-06,2.363e-04,8.637e-21,1.741e-10,86832647663,0
ok,25818780435.7768135071,25818780431.2121810913,25818780435.7121810913,0.9999999996,0.9999999996,1.7724813970,1.772481,1.000e+00,2.280e-03,7.384e-04,1.182e-20,9.748e-32,2.277e-03,5.022e-04,2.889e-06,2.363e-04,1.352e-20,9.758e-09,86832647666,0
ok,25818780435.7768135071,25818780431.7121810913,25818780435.7121810913,0.9999999997,0.9999999997,1.2465779170,1.246578,1.000e+00,2.307e-03,7.384e-04,1.362e-20,3.404e-33,2.304e-03,5.022e-04,2.889e-06,2.363e-04,1.989e-21,9.644e-10,86832647668,0
ok,25818780435.7768135071,25818780432.2121810913,25818780435.7121810913,0.9999999997,0.9999999997,5.5945550366,5.594555,1.000e+00,2.271e-03,7.384e-04,2.713e-20,1.107e-32,2.268e-03,5.022e-04,2.889e-06,2.363e-04,1.436e-20,1.511e-08,86832647669,0
ok,25818780435.7768135071,25818780432.7121810913,25818780435.7121810913,0.9999999998,0.9999999998,8.6523860380,8.652386,1.000e+00,2.266e-03,7.384e-04,4.914e-20,9.248e-32,2.263e-03,5.022e-04,2.889e-06,2.363e-04,6.909e-21,2.409e-09,86832647671,0
ok,25818780435.7768135071,25818780433.2121810913,25818780435.7121810913,0.9999999998,0.9999999998,0.0648568898,0.064857,1.000e+00,2.992e-03,7.384e-04,6.639e-21,1.071e-31,2.989e-03,5.022e-04,2.889e-06,2.363e-04,1.842e-22,1.115e-08,86832647672,0
ok,25818780435.7768135071,25818780433.7121810913,25818780435.7121810913,0.9999999998,0.9999999998,10.1566834047,10.156683,1.000e+00,2.262e-03,7.384e-04,4.821e-20,1.351e-32,2.259e-03,5.022e-04,2.889e-06,2.363e-04,6.758e-21,5.283e-10,86832647674,0
ok,25818780435.7768135071,25818780434.2121810913,25818780435.7121810913,0.9999999999,0.9999999999,6.2040349589,6.204035,1.000e+00,2.270e-03,7.384e-04,3.685e-20,3.612e-33,2.267e-03,5.022e-04,2.889e-06,2.363e-04,1.103e-20,4.430e-09,86832647676,0
ok,25818780435.7768135071,25818780434.7121810913,25818780435.7121810913,0.9999999999,0.9999999999,0.2105548204,0.210555,1.000e+00,2.368e-03,7.384e-04,1.039e-21,1.171e-31,2.365e-03,5.022e-04,2.889e-06,2.363e-04,2.320e-21,1.385e-08,86832647677,0
ok,25818780435.7768135071,25818780435.2121810913,25818780435.7121810913,0.9999999999,0.9999999999,1.1473859447,1.147386,1.000e+00,2.314e-03,7.384e-04,1.035e-20,1.062e-31,2.311e-03,5.022e-04,2.889e-06,2.363e-04,7.975e-21,9.023e-10,86832647679,0
ok,25818780435.7768135071,25818780436.2121810913,25818780435.7121810913,1.0000000000,1.0000000000,0.0249283168,0.024928,1.000e+00,2.628e-03,7.384e-04,1.330e-21,2.404e-32,2.625e-03,5.022e-04,2.889e-06,2.363e-04,2.380e-20,1.557e-08,86832647683,0
ok,25818780435.7768135071,25818780436.7121810913,25818780435.7121810913,1.0000000001,1.0000000001,0.2348747919,0.234875,1.000e+00,2.334e-03,7.384e-04,2.578e-21,7.929e-32,2.331e-03,5.022e-04,2.889e-06,2.363e-04,3.466e-21,1.042e-08,86832647685,0
ok,25818780435.7768135071,25818780437.2121810913,25818780435.7121810913,1.0000000001,1.0000000001,2.1623628877,2.162363,1.000e+00,2.264e-03,7.384e-04,1.108e-20,4.080e-32,2.261e-03,5.022e-04,2.889e-06,2.363e-04,2.731e-21,4.529e-09,86832647686,0
ok,25818780435.7768135071,25818780437.7121810913,25818780435.7121810913,1.0000000002,1.0000000002,0.3306177887,0.330618,1.000e+00,2.297e-03,7.384e-04,2.921e-21,9.314e-32,2.294e-03,5.022e-04,2.889e-06,2.363e-04,3.432e-21,9.255e-09,86832647689,0
ok,25818780435.7768135071,25818780438.2121810913,25818780435.7121810913,1.0000000002,1.0000000002,0.1238943324,0.123894,1.000e+00,2.343e-03,7.384e-04,1.184e-21,1.479e-32,2.340e-03,5.022e-04,2.889e-06,2.363e-04,6.623e-21,1.119e-08,86832647690,0
ok,25818780435.7768135071,25818780438.7121810913,25818780435.7121810913,1.0000000002,1.0000000002,1.1654026709,1.165403,1.000e+00,2.360e-03,7.384e-04,1.861e-20,2.886e-32,2.357e-03,5.022e-04,2.889e-06,2.363e-04,5.065e-21,1.379e-08,86832647692,0
ok,25818780435.7768135071,25818780439.2121810913,25818780435.7121810913,1.0000000003,1.0000000003,6.0891239334,6.089124,1.000e+00,2.274e-03,7.384e-04,4.246e-20,1.240e-32,2.271e-03,5.022e-04,2.889e-06,2.363e-04,3.020e-21,1.125e-09,86832647693,0
ok,25818780435.7768135071,25818780439.7121810913,25818780435.7121810913,1.0000000003,1.0000000003,9.1111868405,9.111187,1.000e+00,2.261e-03,7.384e-04,4.384e-20,1.011e-31,2.258e-03,5.022e-04,2.889e-06,2.363e-04,7.694e-21,2.034e-08,86832647695,0
ok,25818780435.7768135071,25818780440.2121810913,25818780435.7121810913,1.0000000003,1.0000000003,0.7477894717,0.747789,1.000e+00,2.307e-03,7.384e-04,3.783e-21,2.036e-33,2.305e-03,5.022e-04,2.889e-06,2.363e-04,5.229e-21,6.774e-09,86832647697,0
ok,25818780435.7768135071,25818780440.7121810913,25818780435.7121810913,1.0000000004,1.0000000004,0.7564626296,0.756463,1.000e+00,2.316e-03,7.384e-04,8.944e-21,1.204e-31,2.313e-03,5.022e-04,2.889e-06,2.363e-04,2.908e-21,4.810e-09,86832647698,0
ok,25818780435.7768135071,25818780441.2121810913,25818780435.7121810913,1.0000000004,1.0000000004,2.1664032897,2.166403,1.000e+00,2.277e-03,7.384e-04,1.161e-20,1.915e-33,2.274e-03,5.022e-04,2.889e-06,2.363e-04,1.288e-20,4.742e-09,86832647701,0
ok,25818780435.7768135071,25818780441.7121810913,25818780435.7121810913,1.0000000005,1.0000000005,3.4362135628,3.436214,1.000e+00,2.283e-03,7.384e-04,2.323e-20,9.618e-33,2.280e-03,5.022e-04,2.889e-06,2.363e-04,1.324e-20,6.933e-09,86832647702,0
ok,27884282870.6389617920,27884282864.5784492493,27884282870.5784492493,0.9999999996,0.9999999996,5.6858694114,5.685869,1.000e+00,2.337e-03,7.904e-04,8.711e-20,4.241e-32,2.334e-03,5.352e-04,2.915e-06,2.552e-04,5.735e-21,7.769e-09,94122497420,0
audit,x=27884282870.6389617920,t=27884282864.5784492493,rem_spread_max=1.355e-20 ext_spread_max=1.707e-08 
ok,27884282870.6389617920,27884282865.0784492493,27884282870.5784492493,0.9999999996,0.9999999996,6.8016258182,6.801626,1.000e+00,2.330e-03,7.904e-04,1.249e-19,1.797e-32,2.328e-03,5.352e-04,2.915e-06,2.552e-04,9.763e-21,1.446e-08,94122497421,0
ok,27884282870.6389617920,27884282865.5784492493,27884282870.5784492493,0.9999999996,0.9999999996,0.9818926183,0.981893,1.000e+00,2.351e-03,7.904e-04,1.555e-20,7.205e-32,2.349e-03,5.352e-04,2.915e-06,2.552e-04,4.093e-22,3.772e-09,94122497423,0
ok,27884282870.6389617920,27884282866.0784492493,27884282870.5784492493,0.9999999997,0.9999999997,0.3540838070,0.354084,1.000e+00,2.377e-03,7.904e-04,7.803e-21,8.354e-32,2.374e-03,5.352e-04,2.915e-06,2.552e-04,2.473e-21,1.092e-08,94122497425,0
ok,27884282870.6389617920,27884282866.5784492493,27884282870.5784492493,0.9999999997,0.9999999997,0.4794446862,0.479445,1.000e+00,2.413e-03,7.904e-04,1.846e-20,5.177e-32,2.410e-03,5.352e-04,2.915e-06,2.552e-04,5.334e-21,8.597e-09,94122497427,0
ok,27884282870.6389617920,27884282867.0784492493,27884282870.5784492493,0.9999999997,0.9999999997,0.3469241636,0.346924,1.000e+00,2.480e-03,7.904e-04,2.383e-20,5.191e-32,2.477e-03,5.352e-04,2.915e-06,2.552e-04,9.426e-22,1.654e-08,94122497429,0
ok,27884282870.6389617920,27884282867.5784492493,27884282870.5784492493,0.9999999998,0.9999999998,0.5639127129,0.563913,1.000e+00,2.387e-03,7.904e-04,1.847e-20,1.172e-31,2.384e-03,5.352e-04,2.915e-06,2.552e-04,2.124e-21,1.712e-08,94122497431,0
ok,27884282870.6389617920,27884282868.0784492493,27884282870.5784492493,0.9999999998,0.9999999998,0.5426815340,0.542682,1.000e+00,2.391e-03,7.904e-04,2.008e-20,1.181e-31,2.388e-03,5.352e-04,2.915e-06,2.552e-04,4.565e-22,1.194e-08,94122497433,0
ok,27884282870.6389617920,27884282868.5784492493,27884282870.5784492493,0.9999999998,0.9999999998,0.7049519241,0.704952,1.000e+00,2.388e-03,7.904e-04,2.090e-20,2.716e-33,2.385e-03,5.352e-04,2.915e-06,2.552e-04,1.097e-20,1.863e-08,94122497434,0
ok,27884282870.6389617920,27884282869.0784492493,27884282870.5784492493,0.9999999999,0.9999999999,0.7233790983,0.723379,1.000e+00,2.370e-03,7.904e-04,1.098e-20,4.426e-32,2.367e-03,5.352e-04,2.915e-06,2.552e-04,2.707e-20,2.526e-08,94122497436,0
ok,27884282870.6389617920,27884282869.5784492493,27884282870.5784492493,0.9999999999,0.9999999999,1.9549943413,1.954994,1.000e+00,2.348e-03,7.904e-04,3.019e-20,7.640e-32,2.345e-03,5.352e-04,2.915e-06,2.552e-04,2.496e-20,1.445e-09,94122497438,0
ok,27884282870.6389617920,27884282870.0784492493,27884282870.5784492493,0.9999999999,0.9999999999,0.3814277300,0.381428,1.000e+00,2.476e-03,7.904e-04,2.218e-20,2.534e-31,2.473e-03,5.352e-04,2.915e-06,2.552e-04,8.853e-21,2.974e-09,94122497440,0
ok,27884282870.6389617920,27884282871.0784492493,27884282870.5784492493,1.0000000000,1.0000000000,13.2462300186,13.246230,1.000e+00,2.333e-03,7.904e-04,2.149e-19,5.014e-32,2.330e-03,5.352e-04,2.915e-06,2.552e-04,5.734e-21,3.653e-09,94122497443,0
ok,27884282870.6389617920,27884282871.5784492493,27884282870.5784492493,1.0000000001,1.0000000001,4.2901313441,4.290131,1.000e+00,2.351e-03,7.904e-04,9.461e-20,1.561e-32,2.348e-03,5.352e-04,2.915e-06,2.552e-04,1.361e-20,6.061e-10,94122497444,0
ok,27884282870.6389617920,27884282872.0784492493,27884282870.5784492493,1.0000000001,1.0000000001,1.2740204127,1.274020,1.000e+00,2.384e-03,7.904e-04,3.454e-20,1.094e-31,2.381e-03,5.352e-04,2.915e-06,2.552e-04,1.080e-20,1.852e-09,94122497446,0
ok,27884282870.6389617920,27884282872.5784492493,27884282870.5784492493,1.0000000001,1.0000000001,6.5539505471,6.553951,1.000e+00,2.330e-03,7.904e-04,1.020e-19,8.203e-32,2.327e-03,5.352e-04,2.915e-06,2.552e-04,1.509e-20,1.213e-08,94122497448,0
ok,27884282870.6389617920,27884282873.0784492493,27884282870.5784492493,1.0000000002,1.0000000002,0.0153718020,0.015372,1.000e+00,4.779e-03,7.904e-04,1.668e-20,8.875e-32,4.776e-03,5.352e-04,2.915e-06,2.552e-04,1.714e-20,5.109e-09,94122497450,0
ok,27884282870.6389617920,27884282873.5784492493,27884282870.5784492493,1.0000000002,1.0000000002,0.2443371985,0.244337,1.000e+00,2.424e-03,7.904e-04,1.190e-20,4.863e-32,2.421e-03,5.352e-04,2.915e-06,2.552e-04,7.610e-21,5.620e-09,94122497452,0
ok,27884282870.6389617920,27884282874.0784492493,27884282870.5784492493,1.0000000003,1.0000000003,0.2628889567,0.262889,1.000e+00,2.385e-03,7.904e-04,8.265e-21,1.155e-31,2.382e-03,5.352e-04,2.915e-06,2.552e-04,1.783e-20,1.441e-08,94122497454,0
ok,27884282870.6389617920,27884282874.5784492493,27884282870.5784492493,1.0000000003,1.0000000003,0.5697905881,0.569791,1.000e+00,2.374e-03,7.904e-04,1.540e-20,5.380e-32,2.371e-03,5.352e-04,2.915e-06,2.552e-04,1.136e-20,3.712e-10,94122497455,0
ok,27884282870.6389617920,27884282875.0784492493,27884282870.5784492493,1.0000000003,1.0000000003,1.7989093325,1.798909,1.000e+00,2.336e-03,7.904e-04,2.769e-20,3.954e-32,2.333e-03,5.352e-04,2.915e-06,2.552e-04,5.968e-21,7.347e-09,94122497457,0
ok,27884282870.6389617920,27884282875.5784492493,27884282870.5784492493,1.0000000004,1.0000000004,0.5547782741,0.554778,1.000e+00,2.358e-03,7.904e-04,8.430e-21,5.994e-32,2.355e-03,5.352e-04,2.915e-06,2.552e-04,1.942e-20,6.684e-10,94122497459,0
ok,27884282870.6389617920,27884282876.0784492493,27884282870.5784492493,1.0000000004,1.0000000004,2.6296415035,2.629642,1.000e+00,2.337e-03,7.904e-04,3.990e-20,8.895e-32,2.334e-03,5.352e-04,2.915e-06,2.552e-04,1.738e-21,1.867e-09,94122497461,0
ok,27884282870.6389617920,27884282876.5784492493,27884282870.5784492493,1.0000000004,1.0000000004,3.4896705317,3.489671,1.000e+00,2.345e-03,7.904e-04,7.086e-20,2.227e-32,2.342e-03,5.352e-04,2.915e-06,2.552e-04,1.134e-20,6.904e-11,94122497463,0
